1.0;0.0;0.4615384340286255;0.6666666269302368;0.6000000238418579;0.3888888955116272;0.615384578704834;0.0
1.0;0.0;0.699999988079071;0.75;0.3529411554336548;0.8333333134651184;0.529411792755127;0.0
1.0;0.0;0.75;0.5384615659713745;0.40909093618392944;0.5483871102333069;0.3571428656578064;0.0
1.0;0.0;0.8333333134651184;0.8333333134651184;0.550000011920929;0.5;0.6875;0.0
0.4000000059604645;0.0;0.75;0.7368420958518982;0.5;0.800000011920929;0.6333333253860474;0.0
1.0;0.0;0.8461538553237915;0.6666666269302368;0.5;0.1944444179534912;0.5;0.0
1.0;0.0;0.3636363744735718;0.6190476417541504;0.47058820724487305;0.6000000238418579;0.5333333015441895;0.0
1.0;0.0;0.30434781312942505;0.5714285373687744;0.5555555820465088;0.5882352590560913;0.761904776096344;0.0
1.0;0.0;0.36666667461395264;0.6666666269302368;0.5833333730697632;0.625;0.31578946113586426;0.0
1.0;0.0;0.9090908765792847;0.5;0.5;0.3611111044883728;0.625;0.0
1.0;0.0;0.375;0.38461536169052124;0.7727272510528564;0.22580647468566895;0.3125;0.0
1.0;0.0;0.9166666865348816;0.7857142686843872;0.6666666269302368;0.4722222089767456;0.875;0.0
1.0;0.0;0.75;0.9285714030265808;0.7894736528396606;0.21052628755569458;0.5454545021057129;0.0
0.6666666865348816;0.0;0.44999998807907104;0.692307710647583;0.5454545021057129;0.32258063554763794;0.1666666865348816;0.0
0.6733333468437195;0.0;0.7333333492279053;0.7368420958518982;0.5;0.25;0.6521738767623901;0.0
1.0;0.0;0.7857142686843872;0.8333333134651184;0.5454545021057129;0.47826087474823;0.3461538553237915;0.0
1.0;0.0;0.8461538553237915;0.5833333730697632;0.5789473652839661;0.3636363744735718;0.23076921701431274;0.0
1.0;0.0;1.0;0.7272727489471436;0.8888888955116272;0.5;0.2777777910232544;0.0
1.0;0.0;0.5454545021057129;0.6666666269302368;0.5714285373687744;0.3500000238418579;0.6000000238418579;0.0
1.0;0.0;0.4444444179534912;0.6428571343421936;0.8888888955116272;0.75;0.6428571343421936;0.0
0.949999988079071;1.0;0.95652174949646;1.0;1.0;1.0;1.0;1.0
1.0;0.0;0.5454545021057129;0.6666666269302368;0.5714285373687744;0.699999988079071;0.6666666269302368;0.0
1.0;0.0;0.699999988079071;0.800000011920929;0.8333333134651184;0.6470588445663452;0.8571428656578064;0.0
1.0;0.0;0.615384578704834;0.3333333134651184;0.45454543828964233;0.3333333134651184;0.2857142686843872;0.0
1.0;0.0;0.5416666269302368;0.5263158082962036;0.8500000238418579;0.3181818127632141;0.800000011920929;0.0
1.0;0.0;0.6363636255264282;0.5714285373687744;0.6666666269302368;0.2777777910232544;0.7777777910232544;0.0
1.0;0.0;0.8181818127632141;0.7857142686843872;0.7058823108673096;0.3333333134651184;0.3125;0.0
1.0;1.0;1.0;0.9523809552192688;1.0;1.0;1.0;1.0
1.0;1.0;0.875;0.7777777910232544;0.8285714387893677;0.9166666865348816;0.8260869383811951;1.0
0.9555555582046509;1.0;0.699999988079071;0.6666666269302368;0.7647058963775635;0.6666666269302368;0.75;1.0
1.0;0.0;0.30000001192092896;0.5769230723381042;0.5454545021057129;0.3548387289047241;0.2631579041481018;0.0
1.0;0.0;0.6521738767623901;0.6666666269302368;0.3999999761581421;0.8235294222831726;0.523809552192688;0.0
1.0;0.0;0.7777777910232544;0.8999999761581421;0.3999999761581421;0.3500000238418579;0.5625;0.0
1.0;0.0;0.3999999761581421;0.5;0.47058820724487305;0.6666666269302368;0.5789473652839661;0.0
1.0;0.0;0.6333333253860474;0.8666666746139526;0.5;0.20370370149612427;0.3958333134651184;0.0
1.0;1.0;1.0;1.0;1.0;1.0;1.0;1.0
0.6666666865348816;0.0;0.6666666269302368;0.5;0.6470588445663452;0.5555555820465088;0.6842105388641357;0.0
1.0;0.0;0.3333333134651184;0.6666666269302368;0.3999999761581421;0.5833333730697632;0.5625;0.0
1.0;1.0;1.0;1.0;1.0;1.0;0.7142857313156128;1.0
1.0;0.0;0.47826087474823;0.7142857313156128;0.699999988079071;0.8235294222831726;0.2857142686843872;0.0
0.7333333492279053;1.0;0.10000002384185791;0.13513511419296265;0.0952380895614624;0.1764705777168274;0.2820512652397156;0.0
1.0;0.0;0.7333333492279053;0.6666666269302368;0.6428571343421936;0.550000011920929;0.5263158082962036;0.0
1.0;0.0;0.75;0.4166666865348816;0.782608687877655;0.46666663885116577;0.5625;0.0
1.0;0.0;0.7857142686843872;0.8571428656578064;0.6666666269302368;0.4117646813392639;0.8571428656578064;0.0
0.6666666865348816;0.0;0.8500000238418579;0.7333333492279053;0.6521738767623901;0.7777777910232544;0.4736841917037964;0.0
1.0;0.0;1.0;0.7142857313156128;0.6000000238418579;0.6470588445663452;0.529411792755127;0.0
1.0;0.0;0.7037037014961243;0.375;0.3478260636329651;0.75;0.7272727489471436;0.0
0.8999999761581421;1.0;1.0;1.0;1.0;1.0;1.0;1.0
0.6666666865348816;0.0;0.44999998807907104;0.7333333492279053;0.6818181872367859;0.5161290168762207;0.2631579041481018;0.0
0.43333330750465393;1.0;0.16129034757614136;0.17241376638412476;0.1071428656578064;0.18518519401550293;0.0;0.0
0.6666666865348816;0.0;0.7692307829856873;0.739130437374115;0.7857142686843872;0.692307710647583;0.36666667461395264;0.0
1.0;0.0;0.9090908765792847;0.7857142686843872;0.5833333730697632;0.4444444179534912;0.375;0.0
1.0;0.0;0.7307692170143127;0.6521738767623901;0.5833333730697632;0.24074071645736694;0.2291666865348816;0.0
1.0;0.0;0.25925928354263306;0.29032260179519653;0.42105263471603394;0.25;0.4285714030265808;0.0
0.9928571581840515;1.0;0.9047619104385376;0.875;1.0;0.8333333134651184;0.9090908765792847;1.0
1.0;0.0;0.692307710647583;0.5833333730697632;0.5;0.75;0.7307692170143127;0.0
0.36666667461395264;1.0;0.1600000262260437;0.1702127456665039;0.07692307233810425;0.19999998807907104;0.17777776718139648;0.0
1.0;0.0;0.25;0.7142857313156128;0.5;0.3888888955116272;0.8125;0.0
0.6666666865348816;0.0;0.8500000238418579;0.5;0.7083333730697632;0.3333333134651184;0.3958333134651184;0.0
1.0;0.0;0.8181818127632141;0.6363636255264282;0.3125;0.75;0.6000000238418579;0.0
1.0;0.0;0.42307692766189575;0.6086956262588501;0.8571428656578064;0.3611111044883728;0.6875;0.0
1.0;0.0;0.7692307829856873;0.9047619104385376;1.0;0.6363636255264282;0.4117646813392639;0.0
1.0;0.0;0.40909093618392944;0.6538461446762085;0.5;0.5161290168762207;0.3333333134651184;0.0
1.0;0.0;0.48275864124298096;0.8181818127632141;0.7727272510528564;0.47826087474823;0.7272727489471436;0.0
0.9666666984558105;1.0;1.0;1.0;1.0;1.0;0.8500000238418579;1.0
1.0;0.0;0.30434781312942505;0.4516128897666931;0.5263158082962036;0.29411762952804565;0.8095238208770752;0.0
1.0;0.0;0.4333333373069763;0.6666666269302368;0.5;0.6363636255264282;0.42105263471603394;0.0
1.0;0.0;0.6363636255264282;0.7857142686843872;0.75;0.1388888955116272;0.3125;0.0
1.0;0.0;0.782608687877655;0.5833333730697632;0.43478262424468994;0.7647058963775635;0.4285714030265808;0.0
1.0;1.0;1.0;1.0;0.8055555820465088;0.10344827175140381;1.0;1.0
1.0;0.0;1.0;0.5833333730697632;0.3529411554336548;0.75;0.625;0.0
1.0;0.0;0.4615384340286255;0.6086956262588501;0.6428571343421936;0.7058823108673096;0.7857142686843872;0.0
1.0;0.0;0.7037037014961243;0.6000000238418579;0.3333333134651184;0.37037038803100586;0.1875;0.0
1.0;0.0;0.6666666269302368;0.8666666746139526;0.4117646813392639;0.6470588445663452;0.5714285373687744;0.0
0.800000011920929;1.0;0.1666666865348816;0.18000000715255737;0.15094339847564697;0.14705884456634521;0.203125;0.0
0.6187499761581421;1.0;0.10344827175140381;0.16326528787612915;0.12903225421905518;0.1463414430618286;0.21276593208312988;0.0
1.0;1.0;1.0;1.0;0.9523809552192688;1.0;1.0;1.0
1.0;0.0;0.75;0.9047619104385376;0.6666666269302368;0.5;0.5714285373687744;0.0
1.0;0.0;0.625;0.5263158082962036;0.30000001192092896;0.7777777910232544;0.6086956262588501;0.0
0.6111111044883728;0.0;0.800000011920929;0.6842105388641357;0.5;0.7777777910232544;0.6086956262588501;0.0
1.0;0.0;0.5833333730697632;0.7222222089767456;0.8888888955116272;0.8823529481887817;0.7857142686843872;0.0
1.0;0.0;0.3461538553237915;0.7692307829856873;0.6363636255264282;0.4193548560142517;0.3636363744735718;0.0
1.0;0.0;0.699999988079071;0.774193525314331;0.3684210777282715;0.29411762952804565;0.476190447807312;0.0
1.0;1.0;1.0;1.0;1.0;1.0;1.0;1.0
1.0;0.0;0.8148148059844971;0.3913043737411499;0.5714285373687744;0.6499999761581421;0.8181818127632141;0.0
1.0;1.0;0.8947368264198303;0.782608687877655;0.9032257795333862;0.800000011920929;0.8666666746139526;1.0
1.0;0.0;0.3333333134651184;0.6666666269302368;0.75;0.9090908765792847;0.8421052694320679;0.0
1.0;0.0;0.8333333134651184;0.8333333134651184;0.550000011920929;0.5;0.6875;0.0
1.0;0.694444477558136;1.0;1.0;1.0;1.0;1.0;1.0
1.0;0.0;0.42105263471603394;0.625;0.43478262424468994;0.800000011920929;0.6428571343421936;0.0
1.0;0.0;0.5909091234207153;0.7142857313156128;0.4285714030265808;0.3500000238418579;0.5333333015441895;0.0
0.7946666479110718;1.0;0.08695650100708008;0.1538461446762085;0.26923078298568726;0.14705884456634521;0.15625;0.0
1.0;0.0;0.48148149251937866;0.4285714030265808;0.75;0.3500000238418579;0.7777777910232544;0.0
1.0;0.0;0.8947368264198303;0.625;0.75;0.2777777910232544;0.1875;0.0
1.0;0.0;0.45454543828964233;0.7142857313156128;0.4285714030265808;0.550000011920929;0.6470588445663452;0.0
1.0;1.0;1.0;1.0;1.0;1.0;1.0;1.0
1.0;0.0;0.3913043737411499;0.5;0.625;0.3529411554336548;0.6666666269302368;0.0
1.0;0.0;0.5;0.6666666269302368;0.5714285373687744;0.5;0.625;0.0
1.0;0.0;0.38461536169052124;0.7142857313156128;0.5;0.6470588445663452;0.6428571343421936;0.0
0.75;0.0;0.20588237047195435;0.3913043737411499;0.35135138034820557;0.260869562625885;0.1458333134651184;0.0
0.6666666865348816;0.0;0.5;0.6785714626312256;0.5833333730697632;0.5882352590560913;0.3333333134651184;0.0
1.0;0.0;0.8333333134651184;0.699999988079071;0.6666666269302368;0.6470588445663452;0.7647058963775635;0.0
1.0;0.0;0.5;0.7142857313156128;0.23529410362243652;0.8571428656578064;0.5714285373687744;0.0
1.0;0.0;0.31578946113586426;0.5833333730697632;0.43478262424468994;0.8333333134651184;0.692307710647583;0.0
0.5638889074325562;1.0;0.19999998807907104;0.1702127456665039;0.192307710647583;0.1764705777168274;0.24444442987442017;0.0
1.0;0.0;0.75;0.7142857313156128;0.5;0.4117646813392639;0.761904776096344;0.0
1.0;0.0;0.6666666269302368;0.476190447807312;0.19999998807907104;0.5;0.6875;0.0
1.0;0.0;0.7692307829856873;0.7142857313156128;0.6000000238418579;0.4117646813392639;0.5;0.0
1.0;0.0;0.6315789222717285;0.5833333730697632;0.3913043737411499;0.8235294222831726;0.6428571343421936;0.0
1.0;1.0;1.0;1.0;0.9714285731315613;0.9523809552192688;1.0;1.0
1.0;0.0;0.7777777910232544;0.875;0.8333333134651184;0.6000000238418579;0.7222222089767456;0.0
1.0;0.0;0.75;0.476190447807312;0.550000011920929;0.3500000238418579;0.5625;0.0
1.0;1.0;0.8888888955116272;0.800000011920929;0.5;0.3461538553237915;0.8333333134651184;1.0
1.0;0.0;0.875;0.7777777910232544;0.47058820724487305;0.7058823108673096;0.7142857313156128;0.0
0.6666666865348816;0.0;0.8333333134651184;0.5263158082962036;0.6000000238418579;0.699999988079071;0.5;0.0
1.0;0.0;0.6666666269302368;0.7368420958518982;0.8333333134651184;0.8181818127632141;0.5666666626930237;0.0
1.0;0.0;0.6000000238418579;0.7142857313156128;1.0;0.6111111044883728;0.7222222089767456;0.0
1.0;0.0;0.5263158082962036;0.7857142686843872;0.30434781312942505;0.6470588445663452;0.5714285373687744;0.0
1.0;0.0;0.699999988079071;0.7272727489471436;0.5555555820465088;0.8181818127632141;0.7777777910232544;0.0
1.0;0.0;0.8695652484893799;0.6190476417541504;0.6428571343421936;0.699999988079071;0.523809552192688;0.0
0.5;1.0;1.0;1.0;0.9411764740943909;1.0;1.0;1.0
1.0;0.0;0.807692289352417;0.43478262424468994;0.699999988079071;0.5384615659713745;0.6875;0.0
0.48750001192092896;1.0;0.23076921701431274;0.1666666865348816;0.10526317358016968;0.12244898080825806;0.0;0.0
1.0;1.0;1.0;1.0;1.0;1.0;1.0;1.0
1.0;0.0;0.8999999761581421;0.6363636255264282;0.6000000238418579;0.8181818127632141;0.4444444179534912;0.0
1.0;0.0;0.6875;0.6666666269302368;0.3333333134651184;0.3888888955116272;0.625;0.0
0.6666666865348816;0.0;0.6000000238418579;0.46666663885116577;0.47058820724487305;0.7222222089767456;0.7368420958518982;0.0
1.0;0.0;0.5263158082962036;0.5357142686843872;0.2916666865348816;0.24074071645736694;0.2083333134651184;0.0
1.0;0.0;0.43478262424468994;0.699999988079071;0.6000000238418579;0.6470588445663452;0.7142857313156128;0.0
1.0;0.0;0.7727272510528564;0.5666666626930237;0.529411792755127;0.6000000238418579;0.5789473652839661;0.0
0.9555556178092957;1.0;1.0;0.75;1.0;1.0;1.0;1.0
1.0;0.0;0.43478262424468994;0.7857142686843872;0.800000011920929;0.5882352590560913;0.8095238208770752;0.0
1.0;0.0;0.75;0.875;0.5454545021057129;0.75;0.5714285373687744;0.0
0.9714285731315613;1.0;1.0;1.0;1.0;1.0;1.0;1.0
1.0;0.0;0.23076921701431274;0.6086956262588501;0.6428571343421936;0.7222222089767456;0.8461538553237915;0.0
1.0;0.0;0.9090908765792847;0.8181818127632141;0.699999988079071;0.625;0.3333333134651184;0.0
0.9111111164093018;1.0;1.0;1.0;1.0;1.0;1.0;1.0
1.0;0.0;0.36666667461395264;0.800000011920929;0.8333333134651184;0.3055555820465088;0.7894736528396606;0.0
1.0;0.0;0.75;0.7222222089767456;0.8947368264198303;0.1818181872367859;0.31578946113586426;0.0
0.3444444239139557;1.0;0.18000000715255737;0.25531917810440063;0.17142856121063232;0.18918919563293457;0.0;0.0
1.0;0.0;0.5454545021057129;0.7142857313156128;0.699999988079071;0.8333333134651184;0.4615384340286255;0.0
1.0;0.0;0.8461538553237915;0.6842105388641357;0.529411792755127;0.7272727489471436;0.699999988079071;0.0
0.7888889312744141;1.0;0.9200000166893005;0.8666666746139526;1.0;0.9090908765792847;0.8636363744735718;1.0
1.0;0.0;0.30000001192092896;0.46666663885116577;0.75;0.5454545021057129;0.6842105388641357;0.0
1.0;0.0;0.2666666507720947;0.7333333492279053;0.47058820724487305;0.8333333134651184;0.5263158082962036;0.0
1.0;1.0;0.3500000238418579;0.5;0.5357142686843872;0.3500000238418579;0.3333333134651184;1.0
0.6666666865348816;0.0;0.8500000238418579;0.75;0.52173912525177;0.6666666269302368;0.30000001192092896;0.0
0.6666666865348816;0.0;0.30000001192092896;0.46666663885116577;0.529411792755127;0.7222222089767456;0.6842105388641357;0.0
0.6666666865348816;0.0;0.7037037014961243;0.30000001192092896;0.47058820724487305;0.75;0.4736841917037964;0.0
0.6666666865348816;0.0;0.6499999761581421;0.8947368264198303;0.7058823108673096;0.45454543828964233;0.6000000238418579;0.0
1.0;0.0;0.375;0.6190476417541504;0.3999999761581421;0.7777777910232544;0.7142857313156128;0.0
1.0;0.0;0.3333333134651184;0.5357142686843872;0.5833333730697632;0.5882352590560913;0.5263158082962036;0.0
1.0;0.0;0.6363636255264282;0.4516128897666931;0.6315789222717285;0.1388888955116272;0.761904776096344;0.0
1.0;0.0;0.7777777910232544;0.8333333134651184;0.8823529481887817;0.4166666865348816;1.0;0.0
1.0;0.0;0.615384578704834;0.8260869383811951;0.2857142686843872;0.8571428656578064;0.6428571343421936;0.0
1.0;0.0;0.36666667461395264;0.7333333492279053;0.4166666865348816;0.7272727489471436;0.4736841917037964;0.0
1.0;0.0;0.3999999761581421;0.7368420958518982;0.529411792755127;0.75;0.36666667461395264;0.0
1.0;0.0;0.5;0.8260869383811951;0.4285714030265808;0.5384615659713745;0.6363636255264282;0.0
0.9166666269302368;0.0;0.8181818127632141;0.6363636255264282;0.8333333134651184;0.8888888955116272;0.8888888955116272;0.0
0.9333333373069763;1.0;0.9142857193946838;0.75;0.9166666865348816;0.8571428656578064;0.9130434989929199;1.0
0.7071428298950195;1.0;1.0;1.0;1.0;1.0;0.9411764740943909;1.0
0.6666666865348816;0.0;0.6000000238418579;0.6842105388641357;0.75;0.5882352590560913;0.46666663885116577;0.0
1.0;0.0;0.8181818127632141;0.7272727489471436;0.4375;0.375;0.3999999761581421;0.0
1.0;0.0;0.3333333134651184;0.6499999761581421;0.5;0.8181818127632141;0.6842105388641357;0.0
0.7333333492279053;0.0;0.1764705777168274;0.3478260636329651;0.35135138034820557;0.21739131212234497;0.1875;0.0
1.0;1.0;0.7777777910232544;0.90625;0.7692307829856873;0.8846153616905212;0.8636363744735718;1.0
1.0;0.0;0.5555555820465088;0.4285714030265808;0.5;0.699999988079071;0.6428571343421936;0.0
1.0;0.0;0.5384615659713745;0.7894736528396606;0.3529411554336548;0.5454545021057129;0.550000011920929;0.0
1.0;0.0;0.6315789222717285;0.7142857313156128;0.25;0.12962961196899414;0.1666666865348816;0.0
1.0;0.0;0.48148149251937866;0.4736841917037964;0.47058820724487305;0.7727272510528564;0.44999998807907104;0.0
0.6733333468437195;0.0;0.5;0.7368420958518982;0.5;0.8181818127632141;0.739130437374115;0.0
0.7695238590240479;0.0;0.7368420958518982;0.6666666269302368;0.260869562625885;0.5333333015441895;0.3913043737411499;0.0
0.44166669249534607;1.0;0.23529410362243652;0.18421053886413574;0.12000000476837158;0.1666666865348816;0.18518519401550293;0.0
0.9555556178092957;1.0;1.0;1.0;1.0;1.0;1.0;1.0
1.0;0.0;0.625;0.5714285373687744;0.4117646813392639;0.4736841917037964;0.5555555820465088;0.0
1.0;0.0;0.8181818127632141;0.5384615659713745;0.5454545021057129;0.7222222089767456;0.3125;0.0
1.0;0.0;0.4285714030265808;0.2857142686843872;0.5;0.5;0.7777777910232544;0.0
0.6666666865348816;0.0;0.7599999904632568;0.9090908765792847;0.8181818127632141;0.5;0.7272727489471436;0.0
1.0;0.0;0.800000011920929;0.6363636255264282;0.5625;0.5454545021057129;0.7222222089767456;0.0
0.5300000309944153;1.0;0.15909093618392944;0.08571428060531616;0.1818181872367859;0.15909093618392944;0.1627907156944275;0.0
0.6666666865348816;0.0;0.75;0.8095238208770752;0.3333333134651184;0.7142857313156128;0.3999999761581421;0.0
1.0;0.0;0.26923078298568726;0.6774193644523621;0.6842105388641357;0.38461536169052124;0.523809552192688;0.0
1.0;0.0;0.7692307829856873;0.7083333730697632;0.5882352590560913;0.45454543828964233;0.692307710647583;0.0
0.6666666865348816;0.0;0.7599999904632568;0.9090908765792847;0.8181818127632141;0.5;0.7272727489471436;0.0
1.0;0.0;0.8333333134651184;0.7272727489471436;0.8181818127632141;0.75;0.7222222089767456;0.0
0.75;1.0;0.7777777910232544;1.0;1.0;1.0;0.1764705777168274;1.0
1.0;0.0;0.4583333134651184;0.7142857313156128;0.6000000238418579;0.1944444179534912;0.9375;0.0
1.0;0.0;0.30000001192092896;0.6842105388641357;0.8333333134651184;0.5555555820465088;0.4333333373069763;0.0
1.0;0.0;0.6363636255264282;0.7272727489471436;0.2777777910232544;0.800000011920929;0.5;0.0
1.0;0.0;0.5789473652839661;0.8666666746139526;0.5;0.5740740299224854;0.3333333134651184;0.0
0.43619048595428467;0.0;0.699999988079071;0.5333333015441895;0.3529411554336548;0.4444444179534912;0.782608687877655;0.0
1.0;0.0;0.6000000238418579;0.5;0.6000000238418579;0.7222222089767456;0.6428571343421936;0.0
1.0;0.0;0.3684210777282715;0.7096774578094482;0.8260869383811951;0.3333333134651184;0.4285714030265808;0.0
0.8333333134651184;0.0;0.6315789222717285;0.8666666746139526;0.5;0.12962961196899414;0.2916666865348816;0.0
0.7111110687255859;0.0;0.800000011920929;0.761904776096344;0.8571428656578064;0.7777777910232544;0.3478260636329651;0.0
1.0;0.0;0.7272727489471436;0.5714285373687744;0.75;0.1666666865348816;0.8125;0.0
1.0;0.0;0.6842105388641357;0.7916666865348816;0.260869562625885;0.46666663885116577;0.6363636255264282;0.0
1.0;0.0;0.5384615659713745;0.6129032373428345;0.7894736528396606;0.22727274894714355;0.8571428656578064;0.0
0.9166666865348816;0.0;0.8999999761581421;0.7307692170143127;0.27272725105285645;0.3548387289047241;0.23529410362243652;0.0
0.7333333492279053;0.0;0.1764705777168274;0.260869562625885;0.21621620655059814;0.260869562625885;0.125;0.0
1.0;1.0;1.0;1.0;1.0;1.0;1.0;1.0
1.0;0.0;0.6000000238418579;0.699999988079071;0.6000000238418579;0.6111111044883728;0.7058823108673096;0.0
0.7095238566398621;0.0;0.6000000238418579;0.6538461446762085;0.27272725105285645;0.29032260179519653;0.21739131212234497;0.0
0.75;1.0;0.7777777910232544;1.0;1.0;1.0;0.1764705777168274;1.0
0.5;1.0;1.0;1.0;1.0;1.0;1.0;1.0
0.949999988079071;1.0;0.6666666269302368;0.3095238208770752;0.21875;0.17241376638412476;0.22580647468566895;1.0
0.9599999785423279;1.0;1.0;1.0;1.0;1.0;0.8823529481887817;1.0
1.0;0.0;0.7666666507720947;0.6666666269302368;0.6000000238418579;0.6363636255264282;0.8421052694320679;0.0
1.0;0.0;0.8571428656578064;0.4516128897666931;0.5263158082962036;0.2777777910232544;0.6190476417541504;0.0
0.8333333134651184;1.0;0.07692307233810425;0.06666666269302368;0.13333332538604736;0.2142857313156128;0.0;1.0
1.0;0.0;0.75;0.6666666269302368;0.4444444179534912;0.7647058963775635;0.7142857313156128;0.0
0.6666666865348816;0.0;0.782608687877655;0.7368420958518982;0.75;0.5882352590560913;0.6333333253860474;0.0
0.6666666865348816;0.0;0.5;0.6000000238418579;0.3529411554336548;0.6111111044883728;0.5263158082962036;0.0
1.0;0.0;0.6666666269302368;0.5714285373687744;0.5625;0.3333333134651184;0.8666666746139526;0.0
1.0;0.0;0.75;0.75;0.6875;0.5;0.800000011920929;0.0
0.9642857313156128;1.0;0.13953489065170288;0.10000002384185791;0.1875;0.0;0.0;0.0
1.0;0.0;0.5454545021057129;0.8571428656578064;0.75;0.5;0.8125;0.0
0.3047619163990021;1.0;0.8999999761581421;0.8888888955116272;0.1904761791229248;0.22580647468566895;0.18965518474578857;0.0
1.0;0.0;0.8181818127632141;0.9166666865348816;0.29411762952804565;0.6666666269302368;0.5555555820465088;0.0
1.0;0.0;0.875;0.4838709831237793;0.4736841917037964;0.4166666865348816;0.523809552192688;0.0
1.0;0.0;0.782608687877655;0.9333333373069763;0.4166666865348816;0.31481480598449707;0.4375;0.0
0.6666666865348816;1.0;0.9333333373069763;1.0;0.9473684430122375;1.0;0.9473684430122375;1.0
1.0;0.0;0.8333333134651184;0.8260869383811951;0.7333333492279053;0.45454543828964233;0.5882352590560913;0.0
1.0;0.0;0.550000011920929;0.7368420958518982;0.8333333134651184;0.2777777910232544;0.5333333015441895;0.0
0.6666666865348816;0.0;0.5333333015441895;0.7368420958518982;0.3529411554336548;0.6666666269302368;0.47826087474823;0.0
1.0;0.0;0.800000011920929;0.6000000238418579;0.6666666269302368;0.550000011920929;0.4736841917037964;0.0
1.0;0.0;0.4736841917037964;0.692307710647583;0.8260869383811951;0.4838709831237793;0.5454545021057129;0.0
1.0;0.0;0.8125;0.6190476417541504;0.3333333134651184;0.5;0.5714285373687744;0.0
0.800000011920929;1.0;0.24242424964904785;0.12121212482452393;0.19999998807907104;0.17142856121063232;0.0;0.0
1.0;0.0;0.7307692170143127;0.7916666865348816;0.6086956262588501;0.8666666746139526;0.6363636255264282;0.0
1.0;0.0;0.5263158082962036;0.7916666865348816;0.260869562625885;0.7333333492279053;0.47058820724487305;0.0
1.0;0.7777778506278992;0.6428571343421936;0.6666666269302368;0.7916666865348816;0.8333333134651184;0.7058823108673096;1.0
1.0;1.0;0.8500000238418579;0.125;0.2777777910232544;0.11764705181121826;0.1666666865348816;1.0
0.36666664481163025;1.0;0.1538461446762085;0.17391306161880493;0.125;0.24000000953674316;0.22580647468566895;0.0
1.0;0.0;0.52173912525177;0.7857142686843872;0.800000011920929;0.8235294222831726;0.6666666269302368;0.0
0.2800000011920929;1.0;1.0;1.0;1.0;1.0;1.0;1.0
1.0;1.0;1.0;1.0;1.0;1.0;1.0;1.0
1.0;0.0;0.6363636255264282;0.9090908765792847;0.3125;0.625;0.5555555820465088;0.0
1.0;0.0;0.5454545021057129;0.7857142686843872;0.5;0.4444444179534912;0.692307710647583;0.0
0.7333333492279053;0.0;0.5;0.800000011920929;0.5;0.9090908765792847;0.5333333015441895;0.0
0.6666666865348816;0.0;0.3500000238418579;0.6129032373428345;0.6315789222717285;0.5;0.6333333253860474;0.0
0.6800000071525574;0.0;0.6086956262588501;0.7368420958518982;0.6000000238418579;0.529411792755127;0.695652186870575;0.0
1.0;0.0;0.8571428656578064;0.6363636255264282;0.8181818127632141;0.17391306161880493;0.5555555820465088;0.0
1.0;1.0;0.25;0.1666666865348816;0.13461536169052124;0.1428571343421936;0.0;0.0
0.9583333134651184;0.0;0.75;0.800000011920929;0.75;0.0;0.0;0.0
1.0;0.0;0.8148148059844971;0.6428571343421936;0.800000011920929;0.75;0.4285714030265808;0.0
1.0;0.0;0.29629629850387573;0.6000000238418579;0.47058820724487305;0.6000000238418579;0.6428571343421936;0.0
1.0;0.0;0.307692289352417;0.6086956262588501;0.47058820724487305;0.8461538553237915;0.7142857313156128;0.0
1.0;0.0;0.6666666269302368;0.8571428656578064;0.3529411554336548;0.6315789222717285;0.550000011920929;0.0
1.0;0.0;0.8181818127632141;0.8333333134651184;0.4117646813392639;0.625;0.8333333134651184;0.0
1.0;0.0;0.3999999761581421;0.7333333492279053;0.6666666269302368;0.6470588445663452;0.7368420958518982;0.0
1.0;0.9444444179534912;0.8421052694320679;0.9166666865348816;0.8125;0.8709677457809448;0.8333333134651184;1.0
0.6666666865348816;0.0;0.5;0.6666666269302368;0.3529411554336548;0.5555555820465088;0.7894736528396606;0.0
1.0;0.0;0.75;0.8571428656578064;0.23529410362243652;0.6363636255264282;0.550000011920929;0.0
0.8888888359069824;0.0;0.7142857313156128;0.699999988079071;0.5;0.6363636255264282;0.7647058963775635;0.0
1.0;0.0;0.6428571343421936;0.5384615659713745;0.5454545021057129;0.22580647468566895;0.2857142686843872;0.0
1.0;1.0;1.0;0.75;1.0;1.0;1.0;1.0
1.0;0.0;0.7857142686843872;0.6190476417541504;0.5;1.0;0.5;0.0
1.0;0.0;0.8636363744735718;0.6666666269302368;0.43478262424468994;0.699999988079071;0.6000000238418579;0.0
1.0;0.0;0.27272725105285645;0.6666666269302368;0.6428571343421936;0.699999988079071;0.6666666269302368;0.0
1.0;1.0;1.0;0.8421052694320679;0.7857142686843872;1.0;1.0;1.0
1.0;0.0;0.6315789222717285;0.75;0.695652186870575;0.6818181872367859;0.44999998807907104;0.0
1.0;0.0;0.5833333730697632;0.4516128897666931;0.4736841917037964;0.29411762952804565;0.6666666269302368;0.0
1.0;0.0;0.6333333253860474;0.5833333730697632;0.52173912525177;0.6666666269302368;0.4736841917037964;0.0
1.0;0.0;0.23333334922790527;0.5333333015441895;0.6111111044883728;0.9090908765792847;0.7368420958518982;0.0
1.0;0.0;0.7692307829856873;0.6785714626312256;0.4117646813392639;0.5909091234207153;0.5;0.0
1.0;1.0;1.0;0.9375;1.0;1.0;1.0;1.0
1.0;0.0;0.5789473652839661;0.800000011920929;0.375;0.31481480598449707;0.2916666865348816;0.0
1.0;0.0;0.4615384340286255;0.6842105388641357;0.5882352590560913;0.8181818127632141;0.6499999761581421;0.0
1.0;0.0;0.31578946113586426;0.8666666746139526;0.4166666865348816;0.3333333134651184;0.2708333134651184;0.0
1.0;0.0;0.7407407760620117;0.4736841917037964;0.6666666269302368;0.5;0.30000001192092896;0.0
0.5111111402511597;1.0;1.0;1.0;1.0;1.0;0.9473684430122375;1.0
1.0;0.0;0.625;0.75;0.3999999761581421;0.7058823108673096;0.5;0.0
1.0;0.0;0.5333333015441895;0.6666666269302368;0.3333333134651184;0.7142857313156128;0.6315789222717285;0.0
1.0;0.0;0.699999988079071;0.8181818127632141;0.5625;0.45454543828964233;0.2777777910232544;0.0
0.5333333611488342;0.0;0.5769230723381042;0.782608687877655;0.4285714030265808;0.615384578704834;0.47826087474823;0.0
1.0;0.0;0.4375;0.5714285373687744;0.4444444179534912;0.5333333015441895;0.6111111044883728;0.0
1.0;0.0;0.7142857313156128;0.5;0.5;0.4117646813392639;0.5714285373687744;0.0
0.9523809552192688;1.0;0.8125;0.8500000238418579;0.8235294222831726;0.9285714030265808;0.800000011920929;1.0
1.0;0.0;0.7857142686843872;0.5909091234207153;0.27272725105285645;0.52173912525177;0.44999998807907104;0.0
1.0;0.0;0.8571428656578064;0.5909091234207153;0.6363636255264282;0.782608687877655;0.8181818127632141;0.0
0.7222222685813904;0.0;0.875;0.8095238208770752;0.5714285373687744;0.6428571343421936;0.47826087474823;0.0
0.472222238779068;1.0;0.1538461446762085;0.13513511419296265;0.19565218687057495;0.08823531866073608;0.19672131538391113;0.0
0.75;1.0;0.2571428418159485;0.18421053886413574;0.2857142686843872;0.21621620655059814;0.0;0.0
0.6766666769981384;0.0;0.46666663885116577;0.6129032373428345;0.31578946113586426;0.5555555820465088;0.6521738767623901;0.0
0.9555556178092957;0.694444477558136;1.0;1.0;0.96875;1.0;0.949999988079071;1.0
1.0;0.0;0.807692289352417;0.6521738767623901;0.5714285373687744;0.6000000238418579;0.6000000238418579;0.0
1.0;0.0;0.47826087474823;0.7857142686843872;0.5;0.47058820724487305;0.4285714030265808;0.0
1.0;0.0;0.5652173757553101;0.8571428656578064;0.8333333134651184;0.4117646813392639;0.6666666269302368;0.0
1.0;1.0;0.8421052694320679;0.8333333134651184;0.8947368264198303;0.8333333134651184;0.8888888955116272;1.0
1.0;0.0;0.2222222089767456;0.6428571343421936;0.800000011920929;0.75;0.692307710647583;0.0
1.0;0.0;0.6363636255264282;0.8181818127632141;0.4375;0.3125;0.8333333134651184;0.0
1.0;0.0;0.8461538553237915;0.5416666269302368;0.5882352590560913;0.5789473652839661;0.42307692766189575;0.0
0.6666666865348816;0.0;0.6499999761581421;0.46666663885116577;0.7058823108673096;0.3888888955116272;0.7368420958518982;0.0
0.6666666865348816;0.0;0.6499999761581421;0.6000000238418579;0.7058823108673096;0.7272727489471436;0.8500000238418579;0.0
1.0;0.0;0.8999999761581421;0.8333333134651184;0.5882352590560913;0.75;0.2777777910232544;0.0
1.0;0.0;0.8461538553237915;0.7368420958518982;0.7058823108673096;0.5833333730697632;0.800000011920929;0.0
1.0;0.0;0.6818181872367859;0.6666666269302368;0.2857142686843872;0.699999988079071;0.5333333015441895;0.0
1.0;0.0;0.9090908765792847;0.7857142686843872;0.4166666865348816;0.2222222089767456;0.5625;0.0
1.0;0.0;0.9230769276618958;0.6666666269302368;0.6666666269302368;0.4117646813392639;0.5714285373687744;0.0
1.0;0.0;0.75;0.800000011920929;0.47058820724487305;0.6666666269302368;0.6428571343421936;0.0
0.5444444417953491;1.0;0.09090906381607056;0.22580647468566895;0.2549019455909729;0.238095223903656;0.0;0.0
1.0;0.0;0.6315789222717285;0.5833333730697632;0.52173912525177;0.46666663885116577;0.5714285373687744;0.0
0.44999998807907104;1.0;0.1764705777168274;0.12121212482452393;0.24242424964904785;0.15789473056793213;0.21739131212234497;0.0
1.0;1.0;1.0;0.13793104887008667;0.1666666865348816;0.1428571343421936;0.0476190447807312;0.0
0.6666666865348816;0.0;0.6499999761581421;0.6666666269302368;0.3529411554336548;0.3888888955116272;0.42105263471603394;0.0
1.0;0.0;0.7599999904632568;0.9166666865348816;0.5;0.7857142686843872;0.5;0.0
1.0;0.0;0.48148149251937866;0.6428571343421936;0.6666666269302368;0.3500000238418579;0.6428571343421936;0.0
0.800000011920929;0.0;0.375;0.5714285373687744;0.3333333134651184;0.2666666507720947;0.3333333134651184;0.0
0.6404761672019958;1.0;0.1764705777168274;0.15625;0.19999998807907104;0.15789473056793213;0.0;0.0
1.0;0.0;0.7777777910232544;0.5769230723381042;0.45454543828964233;0.3870967626571655;0.3571428656578064;0.0
1.0;0.0;0.8666666746139526;1.0;0.52173912525177;0.6800000071525574;0.3999999761581421;0.0
1.0;0.0;1.0;1.0;1.0;1.0;1.0;1.0
1.0;0.0;0.8888888955116272;0.6666666269302368;0.9411764740943909;0.5;0.3333333134651184;0.0
0.6800000071525574;1.0;0.1499999761581421;0.25;0.3333333134651184;0.192307710647583;0.0;0.0
1.0;0.0;0.7857142686843872;0.7368420958518982;0.7058823108673096;0.3181818127632141;0.699999988079071;0.0
1.0;1.0;0.9444444179534912;0.08333331346511841;0.1666666865348816;0.0625;0.1499999761581421;1.0
1.0;1.0;1.0;1.0;0.9333333373069763;1.0;0.8999999761581421;1.0
1.0;0.0;0.8181818127632141;0.9090908765792847;0.5;0.7272727489471436;0.5;0.0
1.0;0.0;0.5714285373687744;0.8666666746139526;0.47058820724487305;0.5833333730697632;0.6428571343421936;0.0
1.0;0.0;0.5;0.739130437374115;0.8235294222831726;0.5909091234207153;0.550000011920929;0.0
1.0;0.0;0.7777777910232544;0.6666666269302368;0.8333333134651184;0.8333333134651184;0.2777777910232544;0.0
1.0;0.0;0.4285714030265808;0.7857142686843872;0.75;0.3888888955116272;0.8571428656578064;0.0
1.0;1.0;0.8695652484893799;0.875;0.800000011920929;0.8888888955116272;0.800000011920929;1.0
1.0;1.0;1.0;0.8999999761581421;1.0;1.0;1.0;1.0
0.5666666626930237;1.0;1.0;1.0;1.0;1.0;1.0;1.0
1.0;0.0;0.7692307829856873;0.8500000238418579;0.3529411554336548;0.5;0.75;0.0
1.0;0.0;0.8999999761581421;0.6428571343421936;0.3181818127632141;0.4516128897666931;0.2857142686843872;0.0
1.0;1.0;0.800000011920929;0.9090908765792847;1.0;0.9333333373069763;1.0;1.0
1.0;0.0;0.5652173757553101;0.6666666269302368;0.6000000238418579;0.4117646813392639;0.3809523582458496;0.0
1.0;0.0;0.3684210777282715;0.4838709831237793;0.7083333730697632;0.09259259700775146;0.4166666865348816;0.0
1.0;0.0;0.8181818127632141;0.761904776096344;0.7142857313156128;0.5;0.3999999761581421;0.0
1.0;1.0;1.0;1.0;1.0;1.0;1.0;1.0
1.0;0.0;0.8333333134651184;0.8571428656578064;0.31578946113586426;0.3333333134651184;0.30000001192092896;0.0
0.5333333611488342;0.0;0.6666666269302368;0.6428571343421936;0.5;0.529411792755127;0.43478262424468994;0.0
1.0;0.0;0.6363636255264282;0.7272727489471436;0.3888888955116272;0.625;0.3333333134651184;0.0
1.0;0.0;0.3333333134651184;0.3461538553237915;0.3636363744735718;0.6129032373428345;0.3636363744735718;0.0
1.0;0.0;0.7368420958518982;0.7142857313156128;0.1666666865348816;0.25925928354263306;0.25;0.0
1.0;0.0;0.800000011920929;0.695652186870575;0.8823529481887817;0.7272727489471436;0.7083333730697632;0.0
1.0;0.0;0.7142857313156128;0.7272727489471436;0.7727272510528564;0.8260869383811951;0.4736841917037964;0.0
1.0;0.0;0.692307710647583;0.7692307829856873;0.27272725105285645;0.22580647468566895;0.27272725105285645;0.0
1.0;0.0;0.23333334922790527;0.6666666269302368;0.6875;0.45454543828964233;0.2631579041481018;0.0
1.0;0.0;0.4285714030265808;0.4166666865348816;0.6470588445663452;0.5833333730697632;1.0;0.0
1.0;0.0;0.7777777910232544;0.875;0.3333333134651184;0.8999999761581421;0.4444444179534912;0.0
1.0;1.0;0.19999998807907104;0.19999998807907104;0.19999998807907104;0.19999998807907104;0.2142857313156128;0.0
1.0;0.0;0.45454543828964233;0.5714285373687744;0.5;0.6000000238418579;0.3999999761581421;0.0
1.0;0.0;0.4333333373069763;0.7368420958518982;0.7058823108673096;0.5;0.800000011920929;0.0
1.0;1.0;0.75;0.1666666865348816;0.1818181872367859;0.0;0.0;0.0
0.9333333373069763;1.0;0.800000011920929;0.9642857313156128;0.9333333373069763;1.0;1.0;1.0
1.0;0.0;0.47826087474823;0.8571428656578064;0.8333333134651184;0.4722222089767456;0.761904776096344;0.0
1.0;0.0;0.615384578704834;0.7142857313156128;0.3529411554336548;0.5833333730697632;0.5714285373687744;0.0
1.0;0.0;0.7777777910232544;0.6363636255264282;0.375;0.5555555820465088;0.625;0.0
1.0;0.0;0.5789473652839661;0.5833333730697632;0.52173912525177;0.4166666865348816;0.5625;0.0
1.0;0.0;1.0;1.0;1.0;1.0;1.0;1.0
0.8799999356269836;1.0;1.0;0.9285714030265808;1.0;0.8888888955116272;1.0;1.0
1.0;0.0;0.30000001192092896;0.46666663885116577;0.5;0.8181818127632141;0.42105263471603394;0.0
1.0;0.0;0.3181818127632141;0.5806452035903931;0.5263158082962036;0.25;0.5714285373687744;0.0
0.949999988079071;0.0;0.6190476417541504;0.800000011920929;0.47826087474823;0.2799999713897705;0.625;0.0
1.0;0.0;0.5;0.4444444179534912;0.29411762952804565;0.1818181872367859;0.31578946113586426;0.0
1.0;0.0;0.699999988079071;0.6451612710952759;0.31578946113586426;0.45454543828964233;0.7142857313156128;0.0
0.6666666865348816;0.0;0.6000000238418579;0.7368420958518982;0.8333333134651184;0.699999988079071;0.46666663885116577;0.0
1.0;0.0;0.8333333134651184;0.5;0.6000000238418579;0.6470588445663452;0.5714285373687744;0.0
1.0;0.0;0.3478260636329651;0.8666666746139526;0.529411792755127;0.7058823108673096;0.523809552192688;0.0
0.949999988079071;0.7777778506278992;0.9375;0.9473684430122375;1.0;1.0;1.0;1.0
1.0;0.0;0.6666666269302368;0.5384615659713745;0.45454543828964233;0.5806452035903931;0.38461536169052124;0.0
0.7041666507720947;0.0;0.8666666746139526;0.7894736528396606;0.3529411554336548;0.40909093618392944;0.739130437374115;0.0
0.3438095450401306;1.0;1.0;1.0;1.0;1.0;1.0;1.0
1.0;0.0;0.5;0.5652173757553101;0.8571428656578064;0.5384615659713745;0.7857142686843872;0.0
1.0;0.0;0.8181818127632141;0.5;0.5;0.25;0.5;0.0
0.6666666865348816;0.0;0.7916666865348816;0.3333333134651184;0.699999988079071;0.3888888955116272;0.7368420958518982;0.0
1.0;0.0;0.8181818127632141;0.6363636255264282;0.75;0.5625;0.75;0.0
0.45625001192092896;1.0;0.08695650100708008;0.2083333134651184;0.125;0.15151512622833252;0.06060606241226196;0.0
1.0;0.0;0.8461538553237915;0.8571428656578064;0.3529411554336548;0.3181818127632141;0.3999999761581421;0.0
1.0;1.0;1.0;0.8666666746139526;1.0;1.0;1.0;1.0
1.0;0.0;0.5652173757553101;0.7368420958518982;0.5882352590560913;0.7272727489471436;0.761904776096344;0.0
1.0;0.0;0.37037038803100586;0.3214285969734192;0.6000000238418579;0.6499999761581421;0.6428571343421936;0.0
1.0;1.0;0.9583333134651184;1.0;1.0;1.0;1.0;1.0
1.0;0.0;0.6666666269302368;0.7222222089767456;0.3529411554336548;0.5454545021057129;0.800000011920929;0.0
1.0;0.0;0.625;0.8571428656578064;0.6666666269302368;0.7857142686843872;0.529411792755127;0.0
1.0;0.0;0.5;0.4516128897666931;0.6315789222717285;0.7142857313156128;0.6666666269302368;0.0
1.0;0.0;0.5384615659713745;0.7777777910232544;0.6363636255264282;0.6315789222717285;0.5625;0.0
1.0;0.0;0.23333334922790527;0.4838709831237793;0.5789473652839661;0.45454543828964233;0.7142857313156128;0.0
0.46666663885116577;1.0;0.23076921701431274;0.30434781312942505;0.25;0.11538463830947876;0.0;0.0
1.0;0.0;0.5833333730697632;0.875;0.6111111044883728;0.8333333134651184;0.7777777910232544;0.0
0.7904762029647827;0.0;0.6363636255264282;0.6190476417541504;0.4285714030265808;0.44999998807907104;0.6086956262588501;0.0
1.0;0.0;0.4375;0.6774193644523621;0.21052628755569458;0.3571428656578064;0.523809552192688;0.0
1.0;0.0;0.43478262424468994;0.5;0.5;0.6470588445663452;0.476190447807312;0.0
1.0;1.0;0.9285714030265808;0.8235294222831726;0.9545454382896423;1.0;0.9375;1.0
1.0;0.0;0.260869562625885;0.8571428656578064;0.800000011920929;0.7777777910232544;0.6190476417541504;0.0
1.0;0.0;0.9090908765792847;0.699999988079071;0.5;0.3055555820465088;0.8235294222831726;0.0
1.0;0.0;0.1764705777168274;0.30434781312942505;0.35135138034820557;0.21739131212234497;0.2291666865348816;0.0
1.0;0.0;0.692307710647583;0.692307710647583;0.7272727489471436;0.7096774578094482;0.25;0.0
1.0;0.0;0.8333333134651184;0.6666666269302368;0.7647058963775635;0.7727272510528564;0.5789473652839661;0.0
1.0;0.0;0.8181818127632141;0.7857142686843872;0.75;0.3055555820465088;0.8888888955116272;0.0
0.6666666865348816;0.0;0.800000011920929;0.6842105388641357;0.6666666269302368;0.529411792755127;0.6086956262588501;0.0
0.6666666865348816;0.0;0.7307692170143127;0.699999988079071;0.7058823108673096;0.7222222089767456;0.5789473652839661;0.0
0.6666666865348816;0.0;0.800000011920929;0.6333333253860474;0.6470588445663452;0.5;0.6000000238418579;0.0
1.0;0.0;0.37037038803100586;0.44999998807907104;0.75;0.550000011920929;0.529411792755127;0.0
0.8333333730697632;1.0;0.9130434989929199;1.0;1.0;0.95652174949646;0.875;1.0
0.8791666626930237;1.0;0.75;0.75;0.7352941036224365;0.7333333492279053;0.7222222089767456;1.0
0.5199999809265137;1.0;1.0;1.0;1.0;1.0;1.0;1.0
1.0;0.0;0.3913043737411499;0.5384615659713745;0.45454543828964233;0.5483871102333069;0.238095223903656;0.0
1.0;0.0;0.5909091234207153;0.761904776096344;0.6470588445663452;0.6363636255264282;0.550000011920929;0.0
1.0;1.0;0.6296296119689941;0.6969696879386902;0.6071428656578064;0.615384578704834;0.192307710647583;1.0
1.0;1.0;0.9285714030265808;1.0;1.0;1.0;1.0;1.0
0.2944444417953491;1.0;0.12820512056350708;0.15625;0.1521739363670349;0.1666666865348816;0.1803278923034668;0.0
1.0;0.0;0.8181818127632141;0.6666666269302368;0.4583333134651184;0.3333333134651184;0.2291666865348816;0.0
1.0;0.0;0.800000011920929;0.6086956262588501;0.8571428656578064;0.7692307829856873;0.5789473652839661;0.0
0.800000011920929;1.0;1.0;0.11764705181121826;0.22727274894714355;0.08163267374038696;0.06060606241226196;0.0
0.5333333611488342;0.0;0.3999999761581421;0.6842105388641357;0.6000000238418579;0.5;0.5652173757553101;0.0
0.8571428656578064;0.0;0.6875;0.5;0.4117646813392639;0.40909093618392944;0.6842105388641357;0.0
0.699999988079071;1.0;0.25;0.04166668653488159;0.1538461446762085;0.2222222089767456;0.2222222089767456;0.0
1.0;0.0;0.7777777910232544;0.6774193644523621;0.7727272510528564;0.16129034757614136;0.238095223903656;0.0
1.0;0.0;0.5384615659713745;0.6774193644523621;0.31578946113586426;0.7142857313156128;0.3809523582458496;0.0
1.0;0.0;0.5;0.7142857313156128;0.44999998807907104;0.4117646813392639;0.875;0.0
1.0;0.0;0.8571428656578064;0.7142857313156128;0.5625;0.2777777910232544;0.38461536169052124;0.0
1.0;0.0;0.6363636255264282;0.800000011920929;0.47058820724487305;0.3333333134651184;0.625;0.0
0.800000011920929;0.0;0.5263158082962036;0.75;0.25;0.20370370149612427;0.3125;0.0
1.0;1.0;0.8846153616905212;0.7272727489471436;0.7777777910232544;0.75;0.692307710647583;1.0
1.0;0.0;0.30434781312942505;0.7142857313156128;0.625;0.29411762952804565;0.238095223903656;0.0
1.0;0.0;0.8999999761581421;0.7894736528396606;0.4583333134651184;0.18518519401550293;0.5208333730697632;0.0
1.0;0.0;0.3913043737411499;0.7857142686843872;0.5882352590560913;0.7058823108673096;0.238095223903656;0.0
1.0;1.0;1.0;1.0;0.9411764740943909;1.0;0.800000011920929;1.0
0.4055555760860443;1.0;0.23333334922790527;0.13999998569488525;0.15094339847564697;0.16129034757614136;0.171875;0.0
1.0;0.0;0.8571428656578064;0.5714285373687744;0.5555555820465088;0.5555555820465088;0.7222222089767456;0.0
1.0;0.0;0.6666666269302368;0.8571428656578064;0.5882352590560913;0.6666666269302368;0.38461536169052124;0.0
1.0;0.0;0.4333333373069763;0.8666666746139526;0.8333333134651184;0.6363636255264282;0.7368420958518982;0.0
1.0;0.0;0.3913043737411499;0.5;0.6000000238418579;0.529411792755127;0.3809523582458496;0.0
0.8666666746139526;1.0;0.699999988079071;0.6666666269302368;0.7647058963775635;0.6666666269302368;0.75;1.0
1.0;0.0;0.6315789222717285;0.7894736528396606;0.6666666269302368;0.40740740299224854;0.4166666865348816;0.0
1.0;0.0;0.6666666269302368;0.5;0.6000000238418579;0.5;0.615384578704834;0.0
0.644444465637207;1.0;1.0;1.0;0.9333333373069763;1.0;0.8999999761581421;1.0
1.0;1.0;1.0;1.0;1.0;1.0;1.0;0.0
1.0;0.0;0.699999988079071;0.5357142686843872;0.3529411554336548;0.6470588445663452;0.5714285373687744;0.0
1.0;1.0;0.9285714030265808;0.800000011920929;0.8571428656578064;0.8571428656578064;0.8461538553237915;1.0
1.0;0.0;0.8181818127632141;0.9090908765792847;0.625;0.5;0.6666666269302368;0.0
1.0;0.0;0.40740740299224854;0.6428571343421936;0.6666666269302368;0.5;0.5625;0.0
0.9333333373069763;1.0;0.9142857193946838;0.75;0.9166666865348816;0.8571428656578064;0.9130434989929199;1.0
1.0;0.0;0.7272727489471436;0.7333333492279053;0.29411762952804565;0.6666666269302368;0.6428571343421936;0.0
0.6666666865348816;0.0;0.550000011920929;0.46666663885116577;0.7058823108673096;0.4444444179534912;0.7894736528396606;0.0
1.0;0.0;0.7777777910232544;0.4285714030265808;0.5714285373687744;0.75;0.6000000238418579;0.0
1.0;0.0;0.8888888955116272;0.875;0.375;0.6666666269302368;0.5333333015441895;0.0
0.41999998688697815;1.0;1.0;1.0;1.0;1.0;0.9473684430122375;1.0
1.0;0.0;0.5;0.615384578704834;0.29411762952804565;0.21052628755569458;0.5454545021057129;0.0
1.0;0.0;0.5833333730697632;0.615384578704834;0.7777777910232544;0.5263158082962036;0.6111111044883728;0.0
0.6000000238418579;1.0;1.0;1.0;1.0;0.9523809552192688;1.0;1.0
0.6500000357627869;1.0;0.1944444179534912;0.1666666865348816;0.1666666865348816;0.23255813121795654;0.20408165454864502;0.0
1.0;0.0;0.7692307829856873;0.6086956262588501;0.7142857313156128;0.7647058963775635;0.523809552192688;0.0
