1.0;1.0;1.0;1.0;1.0;0.14814811944961548;0.3333333134651184;1.0
1.0;0.0;0.699999988079071;0.75;0.3529411554336548;0.8333333134651184;0.529411792755127;0.0
0.9066666960716248;1.0;0.6666666269302368;0.11764705181121826;0.09090906381607056;0.0625;0.1875;1.0
1.0;0.0;0.699999988079071;0.5454545021057129;0.5263158082962036;0.8181818127632141;0.7222222089767456;0.0
1.0;1.0;0.5555555820465088;0.529411792755127;1.0;0.5483871102333069;0.31578946113586426;1.0
1.0;0.0;0.7037037014961243;0.75;0.7272727489471436;0.699999988079071;0.8181818127632141;0.0
0.4000000059604645;0.0;0.75;0.7368420958518982;0.5;0.800000011920929;0.6333333253860474;0.0
1.0;0.0;0.8461538553237915;0.6666666269302368;0.5;0.1944444179534912;0.5;0.0
1.0;0.0;0.7307692170143127;0.6521738767623901;0.5833333730697632;0.24074071645736694;0.2291666865348816;0.0
1.0;0.0;0.4166666865348816;0.3478260636329651;0.7333333492279053;0.9166666865348816;0.7058823108673096;0.0
1.0;0.0;0.5;0.5454545021057129;0.3636363744735718;0.08333331346511841;0.6000000238418579;0.0
1.0;1.0;0.22448980808258057;0.21875;0.13953489065170288;0.20930230617523193;0.16129034757614136;0.0
0.7666666507720947;1.0;0.30000001192092896;0.25;0.09090906381607056;0.05555558204650879;0.07575756311416626;0.0
1.0;1.0;1.0;1.0;0.9714285731315613;0.9523809552192688;1.0;1.0
1.0;0.0;0.4444444179534912;0.6428571343421936;0.8888888955116272;0.75;0.6428571343421936;0.0
1.0;0.0;0.699999988079071;0.800000011920929;0.8333333134651184;0.6470588445663452;0.8571428656578064;0.0
1.0;0.0;0.615384578704834;0.3333333134651184;0.45454543828964233;0.3333333134651184;0.2857142686843872;0.0
1.0;0.0;0.3333333134651184;0.5357142686843872;0.5833333730697632;0.5882352590560913;0.5263158082962036;0.0
1.0;0.0;0.8181818127632141;0.7857142686843872;0.7058823108673096;0.3333333134651184;0.3125;0.0
1.0;0.0;0.6363636255264282;0.4516128897666931;0.6315789222717285;0.1388888955116272;0.761904776096344;0.0
1.0;1.0;0.875;0.7777777910232544;0.8285714387893677;0.9166666865348816;0.8260869383811951;1.0
1.0;0.0;0.5384615659713745;0.5;0.8181818127632141;0.7894736528396606;0.75;0.0
1.0;0.0;0.5;0.7142857313156128;0.800000011920929;0.5714285373687744;0.375;0.0
1.0;1.0;1.0;1.0;0.9629629850387573;1.0;1.0;1.0
1.0;0.0;0.3999999761581421;0.5;0.47058820724487305;0.6666666269302368;0.5789473652839661;0.0
1.0;0.0;0.625;0.6521738767623901;0.47058820724487305;0.8333333134651184;0.529411792755127;0.0
1.0;1.0;1.0;1.0;1.0;1.0;1.0;1.0
1.0;1.0;0.9696969985961914;0.75;1.0;0.9047619104385376;1.0;1.0
1.0;0.0;0.8333333134651184;0.8260869383811951;0.7333333492279053;0.45454543828964233;0.5882352590560913;0.0
1.0;1.0;0.4390243887901306;0.29545456171035767;0.15555554628372192;0.6129032373428345;0.5833333730697632;1.0
1.0;0.0;0.47826087474823;0.7142857313156128;0.699999988079071;0.8235294222831726;0.2857142686843872;0.0
1.0;0.0;0.42307692766189575;0.47826087474823;0.5;0.8125;0.5454545021057129;0.0
1.0;1.0;1.0;0.8333333134651184;1.0;1.0;0.9354838728904724;1.0
1.0;0.0;0.75;0.4166666865348816;0.782608687877655;0.46666663885116577;0.5625;0.0
1.0;0.0;0.875;0.2666666507720947;0.29411762952804565;0.29629629850387573;0.25;0.0
0.7333333492279053;1.0;0.23333334922790527;0.16129034757614136;0.15686273574829102;0.19999998807907104;0.24137932062149048;0.0
1.0;0.0;0.7666666507720947;0.6000000238418579;0.8571428656578064;0.6363636255264282;0.761904776096344;0.0
0.6666666865348816;0.0;0.44999998807907104;0.7333333492279053;0.6818181872367859;0.5161290168762207;0.2631579041481018;0.0
1.0;0.0;0.4615384340286255;0.40909093618392944;0.8333333134651184;0.2631579041481018;0.6875;0.0
1.0;0.0;0.9090908765792847;0.7857142686843872;0.5833333730697632;0.4444444179534912;0.375;0.0
1.0;0.0;0.8571428656578064;0.4166666865348816;0.75;0.5;0.45454543828964233;0.0
1.0;0.0;0.30434781312942505;0.5714285373687744;0.5555555820465088;0.5882352590560913;0.761904776096344;0.0
1.0;1.0;1.0;0.8571428656578064;0.7272727489471436;1.0;1.0;1.0
1.0;0.0;0.25925928354263306;0.29032260179519653;0.42105263471603394;0.25;0.4285714030265808;0.0
1.0;0.0;0.5714285373687744;0.8666666746139526;0.47058820724487305;0.5833333730697632;0.6428571343421936;0.0
0.800000011920929;0.0;0.375;0.1428571343421936;0.2666666507720947;0.46666663885116577;0.3333333134651184;0.0
0.5809523463249207;1.0;0.09090906381607056;0.21276593208312988;0.13793104887008667;0.20588237047195435;0.08333331346511841;0.0
1.0;1.0;1.0;1.0;1.0;1.0;1.0;1.0
1.0;0.0;0.5833333730697632;0.5714285373687744;0.7777777910232544;0.47058820724487305;0.5;0.0
1.0;0.0;0.42307692766189575;0.6086956262588501;0.8571428656578064;0.3611111044883728;0.6875;0.0
1.0;0.0;0.7692307829856873;0.9047619104385376;1.0;0.6363636255264282;0.4117646813392639;0.0
0.7041666507720947;0.0;0.8666666746139526;0.7894736528396606;0.3529411554336548;0.40909093618392944;0.739130437374115;0.0
1.0;0.0;0.4736841917037964;0.5769230723381042;0.7083333730697632;0.5185185074806213;0.10416668653488159;0.0
1.0;0.0;0.5925925970077515;0.476190447807312;0.3999999761581421;0.5714285373687744;0.4615384340286255;0.0
1.0;0.0;0.4333333373069763;0.6666666269302368;0.5;0.6363636255264282;0.42105263471603394;0.0
1.0;0.0;0.42307692766189575;0.47826087474823;0.3571428656578064;0.615384578704834;0.7272727489471436;0.0
0.8666666150093079;1.0;0.2083333134651184;0.1666666865348816;0.19354838132858276;0.34090906381607056;0.15094339847564697;0.0
1.0;1.0;1.0;1.0;0.8055555820465088;0.10344827175140381;1.0;1.0
1.0;0.0;1.0;0.5833333730697632;0.3529411554336548;0.75;0.625;0.0
1.0;0.0;0.4166666865348816;0.3571428656578064;0.3500000238418579;0.4117646813392639;0.625;0.0
1.0;0.0;0.4615384340286255;0.6086956262588501;0.6428571343421936;0.7058823108673096;0.7857142686843872;0.0
1.0;0.0;0.7037037014961243;0.6000000238418579;0.3333333134651184;0.37037038803100586;0.1875;0.0
1.0;0.0;0.695652186870575;0.3571428656578064;0.9090908765792847;0.0;0.0;0.0
0.5;0.0;0.6842105388641357;0.7368420958518982;0.25;0.1666666865348816;0.4166666865348816;0.0
1.0;0.0;0.5416666269302368;0.5263158082962036;0.8500000238418579;0.3181818127632141;0.800000011920929;0.0
0.6111111044883728;0.0;0.800000011920929;0.6842105388641357;0.5;0.7777777910232544;0.6086956262588501;0.0
0.699999988079071;1.0;0.25806450843811035;0.20512819290161133;0.17543858289718628;0.1818181872367859;0.21311473846435547;0.0
1.0;0.0;0.2666666507720947;1.0;0.761904776096344;0.7272727489471436;0.6190476417541504;0.0
1.0;0.0;0.8148148059844971;0.3913043737411499;0.5714285373687744;0.6499999761581421;0.8181818127632141;0.0
1.0;1.0;0.8947368264198303;0.782608687877655;0.9032257795333862;0.800000011920929;0.8666666746139526;1.0
1.0;0.0;0.7916666865348816;0.5;0.550000011920929;0.0;0.0;0.0
1.0;0.0;0.3333333134651184;0.6666666269302368;0.75;0.9090908765792847;0.8421052694320679;0.0
1.0;0.0;0.8333333134651184;0.8333333134651184;0.550000011920929;0.5;0.6875;0.0
1.0;0.694444477558136;1.0;1.0;1.0;1.0;1.0;1.0
0.7071428298950195;1.0;1.0;1.0;1.0;1.0;0.9411764740943909;1.0
1.0;0.0;0.37037038803100586;0.8181818127632141;0.800000011920929;0.550000011920929;0.5;0.0
1.0;0.0;0.42105263471603394;0.625;0.43478262424468994;0.800000011920929;0.6428571343421936;0.0
1.0;0.0;0.5909091234207153;0.7142857313156128;0.4285714030265808;0.3500000238418579;0.5333333015441895;0.0
1.0;0.0;0.8947368264198303;0.625;0.75;0.2777777910232544;0.1875;0.0
1.0;0.0;0.25;0.7142857313156128;0.5;0.3888888955116272;0.8125;0.0
1.0;1.0;1.0;1.0;1.0;1.0;1.0;1.0
1.0;0.0;0.6000000238418579;0.3571428656578064;0.5789473652839661;0.0;0.0;0.0
1.0;0.0;0.3913043737411499;0.5;0.625;0.3529411554336548;0.6666666269302368;0.0
1.0;0.0;0.3999999761581421;0.7333333492279053;0.6315789222717285;0.3636363744735718;0.31578946113586426;0.0
1.0;0.0;0.38461536169052124;0.7142857313156128;0.5;0.6470588445663452;0.6428571343421936;0.0
1.0;0.0;0.3333333134651184;0.2142857313156128;0.3333333134651184;0.5882352590560913;0.476190447807312;0.0
0.6666666865348816;0.0;0.5;0.6785714626312256;0.5833333730697632;0.5882352590560913;0.3333333134651184;0.0
1.0;0.0;0.8333333134651184;0.699999988079071;0.6666666269302368;0.6470588445663452;0.7647058963775635;0.0
1.0;0.0;0.3999999761581421;0.3928571343421936;0.3181818127632141;0.6470588445663452;0.45454543828964233;0.0
1.0;0.0;0.5;0.7142857313156128;0.23529410362243652;0.8571428656578064;0.5714285373687744;0.0
1.0;0.0;0.6666666269302368;0.27272725105285645;0.5833333730697632;0.4444444179534912;0.7272727489471436;0.0
1.0;0.5555555820465088;0.9411764740943909;0.95652174949646;0.9583333134651184;0.9375;0.9791666865348816;0.0
1.0;0.0;0.4166666865348816;0.3571428656578064;0.3500000238418579;0.4117646813392639;0.625;0.0
1.0;0.0;0.75;0.7142857313156128;0.5;0.4117646813392639;0.761904776096344;0.0
0.625;1.0;0.2682926654815674;0.1818181872367859;0.25;0.15151512622833252;0.18000000715255737;0.0
0.43611112236976624;1.0;1.0;1.0;1.0;0.9200000166893005;1.0;1.0
0.6348485350608826;1.0;0.1794871687889099;0.26530611515045166;0.1666666865348816;0.12121212482452393;0.24137932062149048;0.0
0.6666666865348816;1.0;0.9333333373069763;1.0;0.9473684430122375;1.0;0.9473684430122375;1.0
1.0;0.0;0.7777777910232544;0.6774193644523621;0.7727272510528564;0.16129034757614136;0.238095223903656;0.0
0.9750000238418579;1.0;0.75;0.8888888955116272;0.3333333134651184;0.8333333134651184;0.8125;1.0
1.0;0.0;0.476190447807312;0.1785714030265808;0.5;0.4117646813392639;0.3571428656578064;0.0
1.0;0.0;0.3333333134651184;0.6000000238418579;0.800000011920929;0.7777777910232544;0.8125;0.0
1.0;0.0;0.7916666865348816;0.5;0.550000011920929;0.0;0.0;0.0
0.6666666865348816;0.0;0.8333333134651184;0.5263158082962036;0.6000000238418579;0.699999988079071;0.5;0.0
0.875;1.0;0.1818181872367859;0.2666666507720947;0.2368420958518982;0.20588237047195435;0.1666666865348816;0.0
1.0;1.0;0.1428571343421936;0.1428571343421936;0.1428571343421936;0.13333332538604736;0.2666666507720947;0.0
1.0;0.0;0.5263158082962036;0.7857142686843872;0.30434781312942505;0.6470588445663452;0.5714285373687744;0.0
1.0;0.0;0.699999988079071;0.7272727489471436;0.5555555820465088;0.8181818127632141;0.7777777910232544;0.0
1.0;0.0;0.699999988079071;0.4285714030265808;0.476190447807312;0.6470588445663452;0.8095238208770752;0.0
1.0;0.0;0.625;0.5714285373687744;0.5333333015441895;0.6000000238418579;0.6666666269302368;0.0
1.0;0.0;0.6666666269302368;0.75;0.4166666865348816;0.4444444179534912;0.75;0.0
0.6666666865348816;0.0;0.6000000238418579;0.46666663885116577;0.47058820724487305;0.7222222089767456;0.7368420958518982;0.0
1.0;0.0;0.5263158082962036;0.5357142686843872;0.2916666865348816;0.24074071645736694;0.2083333134651184;0.0
0.6666666865348816;1.0;0.22413790225982666;0.1944444179534912;0.22857141494750977;0.17307692766189575;0.1388888955116272;0.0
0.9288889169692993;1.0;0.21212118864059448;0.2280701994895935;0.25;0.28358209133148193;0.26229506731033325;0.0
1.0;0.0;0.7777777910232544;0.8999999761581421;0.3999999761581421;0.3500000238418579;0.5625;0.0
1.0;0.0;0.2666666507720947;0.3999999761581421;0.6315789222717285;0.7272727489471436;0.6842105388641357;0.0
1.0;0.0;0.6666666269302368;0.5;0.523809552192688;0.7857142686843872;0.523809552192688;0.0
1.0;0.0;0.9090908765792847;0.8181818127632141;0.699999988079071;0.625;0.3333333134651184;0.0
1.0;0.0;0.36666667461395264;0.800000011920929;0.8333333134651184;0.3055555820465088;0.7894736528396606;0.0
0.8571428656578064;1.0;0.0;0.2631579041481018;0.1904761791229248;0.13636362552642822;0.0;0.0
0.800000011920929;1.0;0.21052628755569458;0.13333332538604736;0.07407408952713013;0.13333332538604736;0.18518519401550293;0.0
1.0;1.0;1.0;0.8999999761581421;1.0;1.0;1.0;1.0
1.0;0.0;0.30000001192092896;0.46666663885116577;0.75;0.5454545021057129;0.6842105388641357;0.0
1.0;0.0;0.7692307829856873;0.21739131212234497;0.7857142686843872;0.0;0.0;0.0
1.0;0.0;0.9090908765792847;0.3928571343421936;0.5;0.6470588445663452;0.4285714030265808;0.0
1.0;0.0;0.2666666507720947;0.7333333492279053;0.47058820724487305;0.8333333134651184;0.5263158082962036;0.0
1.0;1.0;0.3500000238418579;0.5;0.5357142686843872;0.3500000238418579;0.3333333134651184;1.0
1.0;0.0;0.23333334922790527;0.5454545021057129;0.7142857313156128;0.45454543828964233;0.238095223903656;0.0
1.0;0.0;0.3333333134651184;0.75;0.47058820724487305;0.6000000238418579;0.5555555820465088;0.0
1.0;1.0;0.307692289352417;0.25;0.3809523582458496;0.25;0.19999998807907104;1.0
1.0;0.0;0.8333333134651184;0.3999999761581421;0.5714285373687744;0.8181818127632141;0.761904776096344;0.0
1.0;0.0;0.7777777910232544;0.8333333134651184;0.8823529481887817;0.4166666865348816;1.0;0.0
1.0;0.0;0.5;0.9166666865348816;0.8181818127632141;0.7142857313156128;0.6111111044883728;0.0
0.7909091114997864;1.0;0.2745097875595093;0.26923078298568726;0.19178080558776855;0.08421051502227783;0.19999998807907104;0.0
1.0;0.0;0.4444444179534912;0.5555555820465088;0.5;0.5;0.6000000238418579;0.0
1.0;0.0;0.38461536169052124;0.47826087474823;0.6428571343421936;0.692307710647583;0.6111111044883728;0.0
0.8166666626930237;1.0;0.1944444179534912;0.09090906381607056;0.1627907156944275;0.2222222089767456;0.19999998807907104;0.0
1.0;0.0;0.5555555820465088;0.3181818127632141;0.3333333134651184;0.19999998807907104;0.6666666269302368;0.0
1.0;0.0;0.5;0.8260869383811951;0.4285714030265808;0.5384615659713745;0.6363636255264282;0.0
1.0;0.0;0.699999988079071;0.774193525314331;0.3684210777282715;0.29411762952804565;0.476190447807312;0.0
1.0;0.0;0.8333333134651184;0.3478260636329651;0.3333333134651184;0.3636363744735718;0.3529411554336548;0.0
1.0;0.0;0.7599999904632568;0.9166666865348816;0.5;0.7857142686843872;0.5;0.0
0.75;1.0;0.2142857313156128;0.1836734414100647;0.25;0.2666666507720947;0.1111111044883728;0.0
0.6666666865348816;0.0;0.6000000238418579;0.6842105388641357;0.75;0.5882352590560913;0.46666663885116577;0.0
1.0;0.0;0.8181818127632141;0.7272727489471436;0.4375;0.375;0.3999999761581421;0.0
1.0;1.0;0.9444444179534912;1.0;0.8999999761581421;0.9375;0.8666666746139526;1.0
1.0;0.0;0.8571428656578064;0.1111111044883728;0.4444444179534912;0.529411792755127;0.5;0.0
1.0;0.0;0.5384615659713745;0.7894736528396606;0.3529411554336548;0.5454545021057129;0.550000011920929;0.0
1.0;0.0;0.75;0.523809552192688;0.3999999761581421;0.8125;0.6111111044883728;0.0
1.0;0.0;0.6315789222717285;0.7142857313156128;0.25;0.12962961196899414;0.1666666865348816;0.0
0.8166666626930237;1.0;0.1818181872367859;0.11538463830947876;0.1538461446762085;0.1944444179534912;0.1111111044883728;0.0
1.0;1.0;1.0;1.0;1.0;1.0;1.0;1.0
0.8214285969734192;1.0;0.2745097875595093;0.29729729890823364;0.22727274894714355;0.25531917810440063;0.15151512622833252;0.0
1.0;0.0;0.4375;0.5;0.5333333015441895;0.6000000238418579;0.5;0.0
1.0;0.0;0.30000001192092896;0.6842105388641357;0.8333333134651184;0.5555555820465088;0.4333333373069763;0.0
1.0;0.0;0.5555555820465088;0.3478260636329651;0.46666663885116577;0.6363636255264282;0.4117646813392639;0.0
0.9599999785423279;1.0;1.0;1.0;1.0;1.0;0.8823529481887817;1.0
1.0;0.0;0.4399999976158142;0.7857142686843872;0.5454545021057129;0.3888888955116272;0.7272727489471436;0.0
0.6666666865348816;0.0;0.75;0.8095238208770752;0.3333333134651184;0.7142857313156128;0.3999999761581421;0.0
0.75;1.0;0.7777777910232544;1.0;1.0;1.0;0.1764705777168274;1.0
0.6666666865348816;0.0;0.36000001430511475;0.8333333134651184;0.7727272510528564;0.7857142686843872;0.22727274894714355;0.0
1.0;0.0;0.7692307829856873;0.7083333730697632;0.5882352590560913;0.45454543828964233;0.692307710647583;0.0
1.0;0.0;0.3500000238418579;0.8333333134651184;0.625;0.3571428656578064;0.45454543828964233;0.0
1.0;0.0;0.8333333134651184;0.7272727489471436;0.8181818127632141;0.75;0.7222222089767456;0.0
1.0;0.0;0.6363636255264282;0.7272727489471436;0.2777777910232544;0.800000011920929;0.5;0.0
0.43619048595428467;0.0;0.699999988079071;0.5333333015441895;0.3529411554336548;0.4444444179534912;0.782608687877655;0.0
1.0;0.0;0.6000000238418579;0.5;0.6000000238418579;0.7222222089767456;0.6428571343421936;0.0
1.0;0.0;0.30000001192092896;0.7333333492279053;0.7058823108673096;0.8333333134651184;0.2631579041481018;0.0
1.0;0.0;0.3684210777282715;0.7096774578094482;0.8260869383811951;0.3333333134651184;0.4285714030265808;0.0
0.8333333134651184;0.0;0.6315789222717285;0.8666666746139526;0.5;0.12962961196899414;0.2916666865348816;0.0
0.7111110687255859;0.0;0.800000011920929;0.761904776096344;0.8571428656578064;0.7777777910232544;0.3478260636329651;0.0
1.0;0.0;0.7272727489471436;0.5714285373687744;0.75;0.1666666865348816;0.8125;0.0
0.49629634618759155;1.0;0.800000011920929;0.8571428656578064;0.8333333134651184;0.761904776096344;0.800000011920929;1.0
1.0;0.0;0.6842105388641357;0.7916666865348816;0.260869562625885;0.46666663885116577;0.6363636255264282;0.0
1.0;0.0;0.800000011920929;0.6363636255264282;0.5625;0.5454545021057129;0.7222222089767456;0.0
1.0;0.0;0.7777777910232544;0.8999999761581421;0.3999999761581421;0.3500000238418579;0.5625;0.0
0.699999988079071;1.0;0.26923078298568726;0.20689654350280762;0.1071428656578064;0.1818181872367859;0.13513511419296265;0.0
1.0;0.0;0.9090908765792847;0.3928571343421936;0.5;0.47058820724487305;0.6428571343421936;0.0
0.7095238566398621;0.0;0.6000000238418579;0.6538461446762085;0.27272725105285645;0.29032260179519653;0.21739131212234497;0.0
1.0;0.0;0.7666666507720947;0.6666666269302368;0.5454545021057129;0.7857142686843872;0.7727272510528564;0.0
0.3499999940395355;1.0;0.19354838132858276;0.19298243522644043;0.10526317358016968;0.1764705777168274;1.0;0.0
1.0;0.0;0.7666666507720947;0.6666666269302368;0.6000000238418579;0.6363636255264282;0.8421052694320679;0.0
1.0;0.0;0.807692289352417;0.43478262424468994;0.699999988079071;0.5384615659713745;0.6875;0.0
1.0;0.0;0.8181818127632141;0.5;0.5;0.25;0.5;0.0
1.0;0.0;0.6666666269302368;0.4444444179534912;0.6666666269302368;0.47058820724487305;0.5833333730697632;0.0
0.6666666865348816;0.0;0.782608687877655;0.7368420958518982;0.75;0.5882352590560913;0.6333333253860474;0.0
1.0;0.0;0.0;0.7142857313156128;0.5454545021057129;0.47058820724487305;0.476190447807312;0.0
0.6666666865348816;0.0;0.5;0.6000000238418579;0.3529411554336548;0.6111111044883728;0.5263158082962036;0.0
1.0;0.0;0.6666666269302368;0.5714285373687744;0.5625;0.3333333134651184;0.8666666746139526;0.0
0.9642857313156128;1.0;0.13953489065170288;0.10000002384185791;0.1875;0.0;0.0;0.0
0.9833333492279053;0.5555555820465088;1.0;0.8461538553237915;0.95652174949646;0.8333333134651184;0.9444444179534912;0.0
1.0;1.0;1.0;1.0;0.9411764740943909;1.0;1.0;1.0
1.0;0.0;0.8571428656578064;0.875;0.625;0.3333333134651184;0.6666666269302368;0.0
1.0;0.0;0.8181818127632141;0.9166666865348816;0.29411762952804565;0.6666666269302368;0.5555555820465088;0.0
1.0;0.0;0.5833333730697632;0.5;0.7777777910232544;0.6470588445663452;0.6428571343421936;0.0
0.5;1.0;0.24390244483947754;0.17142856121063232;0.1499999761581421;0.19354838132858276;0.25;0.0
1.0;1.0;0.307692289352417;0.25;0.3809523582458496;0.25;0.19999998807907104;1.0
1.0;0.0;0.26923078298568726;0.6774193644523621;0.6842105388641357;0.38461536169052124;0.523809552192688;0.0
1.0;0.0;0.8181818127632141;0.9090908765792847;0.625;0.5;0.6666666269302368;0.0
0.6666666865348816;0.0;0.5333333015441895;0.7368420958518982;0.3529411554336548;0.6666666269302368;0.47826087474823;0.0
1.0;0.0;0.8571428656578064;0.25;0.6666666269302368;0.2857142686843872;0.6000000238418579;0.0
1.0;0.0;0.4736841917037964;0.692307710647583;0.8260869383811951;0.4838709831237793;0.5454545021057129;0.0
1.0;0.0;0.6666666269302368;0.6666666269302368;0.5555555820465088;0.3999999761581421;0.6000000238418579;0.0
0.625;1.0;0.21666663885116577;0.1600000262260437;0.15094339847564697;0.09375;0.203125;0.0
0.6733333468437195;0.0;0.7333333492279053;0.7368420958518982;0.5;0.25;0.6521738767623901;0.0
1.0;0.0;0.7307692170143127;0.7916666865348816;0.6086956262588501;0.8666666746139526;0.6363636255264282;0.0
0.6833333969116211;1.0;0.24637681245803833;0.23943662643432617;0.0701754093170166;0.2545454502105713;0.25806450843811035;0.0
1.0;0.7777778506278992;0.6428571343421936;0.6666666269302368;0.7916666865348816;0.8333333134651184;0.7058823108673096;1.0
1.0;1.0;0.8500000238418579;0.125;0.2777777910232544;0.11764705181121826;0.1666666865348816;1.0
0.5111111402511597;1.0;1.0;1.0;1.0;1.0;0.9473684430122375;1.0
1.0;0.0;0.52173912525177;0.7857142686843872;0.800000011920929;0.8235294222831726;0.6666666269302368;0.0
0.2800000011920929;1.0;1.0;1.0;1.0;1.0;1.0;1.0
0.6666666865348816;0.0;0.8260869383811951;0.46666663885116577;0.5882352590560913;0.7222222089767456;0.8095238208770752;0.0
0.8083333373069763;1.0;0.6666666269302368;0.31707316637039185;0.5161290168762207;0.5714285373687744;0.59375;1.0
1.0;0.0;0.8571428656578064;0.6363636255264282;0.8181818127632141;0.17391306161880493;0.5555555820465088;0.0
0.9066666960716248;1.0;0.6190476417541504;0.11764705181121826;0.09090906381607056;0.0625;0.1875;1.0
1.0;0.0;0.8148148059844971;0.6428571343421936;0.800000011920929;0.75;0.4285714030265808;0.0
1.0;0.0;0.6666666269302368;0.8571428656578064;0.3529411554336548;0.6315789222717285;0.550000011920929;0.0
1.0;0.0;0.3999999761581421;0.5;0.5789473652839661;0.6428571343421936;0.8461538553237915;0.0
1.0;0.0;0.8181818127632141;0.8333333134651184;0.4117646813392639;0.625;0.8333333134651184;0.0
1.0;0.9444444179534912;0.8421052694320679;0.9166666865348816;0.8125;0.8709677457809448;0.8333333134651184;1.0
1.0;0.0;0.75;0.8571428656578064;0.23529410362243652;0.6363636255264282;0.550000011920929;0.0
0.6979166865348816;1.0;0.24242424964904785;0.19354838132858276;0.19999998807907104;0.21739131212234497;0.1538461446762085;0.0
1.0;1.0;1.0;0.75;1.0;1.0;1.0;1.0
1.0;0.0;1.0;1.0;0.949999988079071;1.0;1.0;0.0
1.0;0.0;0.7857142686843872;0.6190476417541504;0.5;1.0;0.5;0.0
1.0;0.0;0.8636363744735718;0.6666666269302368;0.43478262424468994;0.699999988079071;0.6000000238418579;0.0
1.0;1.0;0.7894736528396606;0.875;0.800000011920929;0.8666666746139526;0.625;1.0
1.0;0.0;0.30000001192092896;0.5;0.8095238208770752;0.75;0.238095223903656;0.0
1.0;0.0;0.5789473652839661;0.8666666746139526;0.5;0.5740740299224854;0.3333333134651184;0.0
0.9166666269302368;0.0;0.550000011920929;0.45454543828964233;0.45454543828964233;0.0;0.0;0.0
1.0;1.0;1.0;1.0;1.0;0.0;0.06666666269302368;1.0
1.0;0.0;0.6333333253860474;0.5833333730697632;0.52173912525177;0.6666666269302368;0.4736841917037964;0.0
1.0;0.0;0.6666666269302368;0.2222222089767456;0.29411762952804565;0.29629629850387573;0.2857142686843872;0.0
1.0;0.0;0.5789473652839661;0.800000011920929;0.375;0.31481480598449707;0.2916666865348816;0.0
0.5984849333763123;1.0;0.1666666865348816;0.1836734414100647;0.15686273574829102;0.1818181872367859;0.13333332538604736;0.0
0.644444465637207;1.0;0.8846153616905212;0.7272727489471436;0.8333333134651184;0.75;0.7692307829856873;1.0
1.0;0.0;0.31578946113586426;0.8666666746139526;0.4166666865348816;0.3333333134651184;0.2708333134651184;0.0
1.0;1.0;0.17142856121063232;0.14035087823867798;0.10526317358016968;0.20588237047195435;1.0;0.0
0.8541666269302368;1.0;0.2083333134651184;0.1521739363670349;0.15686273574829102;0.20454543828964233;0.1666666865348816;0.0
0.6666666865348816;0.0;0.75;0.6666666269302368;0.23529410362243652;0.7222222089767456;0.5263158082962036;0.0
0.7388889193534851;1.0;0.1304348111152649;0.17073172330856323;0.17073172330856323;0.12000000476837158;0.12195122241973877;0.0
1.0;0.0;0.26923078298568726;0.47826087474823;0.75;0.38461536169052124;0.45454543828964233;0.0
1.0;1.0;1.0;1.0;1.0;1.0;1.0;1.0
0.8761904835700989;0.7555555701255798;0.9354838728904724;1.0;0.875;0.8823529481887817;0.2666666507720947;1.0
1.0;0.0;0.5333333015441895;0.6666666269302368;0.3333333134651184;0.7142857313156128;0.6315789222717285;0.0
1.0;0.0;0.699999988079071;0.8181818127632141;0.5625;0.45454543828964233;0.2777777910232544;0.0
1.0;0.0;0.615384578704834;0.7142857313156128;0.3529411554336548;0.5833333730697632;0.5714285373687744;0.0
1.0;0.0;0.7142857313156128;0.5;0.5;0.4117646813392639;0.5714285373687744;0.0
0.8333333730697632;1.0;0.9166666865348816;1.0;1.0;1.0;1.0;1.0
1.0;0.0;0.7857142686843872;0.5909091234207153;0.27272725105285645;0.52173912525177;0.44999998807907104;0.0
1.0;0.0;0.5;0.3999999761581421;0.3529411554336548;0.6666666269302368;0.5714285373687744;0.0
1.0;0.0;0.4285714030265808;0.4166666865348816;0.6470588445663452;0.5833333730697632;1.0;0.0
1.0;1.0;0.23255813121795654;0.292682945728302;0.25581395626068115;0.17500001192092896;0.32692307233810425;0.0
0.75;1.0;0.2571428418159485;0.18421053886413574;0.2857142686843872;0.21621620655059814;0.0;0.0
1.0;0.0;0.5833333730697632;0.3888888955116272;0.47058820724487305;0.5454545021057129;0.4736841917037964;0.0
0.6766666769981384;0.0;0.46666663885116577;0.6129032373428345;0.31578946113586426;0.5555555820465088;0.6521738767623901;0.0
1.0;0.0;0.4166666865348816;0.9090908765792847;0.5;0.6363636255264282;0.8888888955116272;0.0
1.0;0.0;0.3500000238418579;0.45454543828964233;0.625;0.0;0.0;0.0
1.0;0.0;0.807692289352417;0.6521738767623901;0.5714285373687744;0.6000000238418579;0.6000000238418579;0.0
1.0;0.0;0.807692289352417;0.47826087474823;0.6363636255264282;0.7857142686843872;0.5;0.0
1.0;0.0;0.6666666269302368;0.5333333015441895;0.529411792755127;0.8333333134651184;0.6428571343421936;0.0
1.0;0.0;0.7142857313156128;0.30434781312942505;0.5333333015441895;0.8333333134651184;0.529411792755127;0.0
0.8499999642372131;1.0;0.1794871687889099;0.20454543828964233;0.1875;0.06060606241226196;0.18000000715255737;0.0
1.0;0.0;0.5;0.5909091234207153;0.75;0.29411762952804565;0.7857142686843872;0.0
0.7166666984558105;1.0;0.7777777910232544;0.8666666746139526;0.875;1.0;0.1875;1.0
1.0;0.0;0.04347825050354004;0.6499999761581421;0.8181818127632141;0.47058820724487305;0.9047619104385376;0.0
0.7361111640930176;1.0;0.25;0.29032260179519653;0.17241376638412476;0.1875;0.2857142686843872;0.0
1.0;0.0;0.2222222089767456;0.6428571343421936;0.800000011920929;0.75;0.692307710647583;0.0
1.0;1.0;1.0;1.0;0.949999988079071;0.9230769276618958;0.9411764740943909;1.0
0.9288889169692993;1.0;0.25;0.19298243522644043;0.25;0.16417908668518066;0.21311473846435547;0.0
1.0;0.0;0.8500000238418579;0.4166666865348816;1.0;0.0;0.0;0.0
1.0;0.0;0.8461538553237915;0.5416666269302368;0.5882352590560913;0.5789473652839661;0.42307692766189575;0.0
1.0;0.9444444179534912;1.0;1.0;1.0;0.9599999785423279;1.0;1.0
1.0;0.0;0.5384615659713745;0.6000000238418579;0.47058820724487305;0.6315789222717285;0.6875;0.0
1.0;1.0;1.0;1.0;1.0;1.0;1.0;1.0
1.0;0.0;0.6818181872367859;0.6666666269302368;0.2857142686843872;0.699999988079071;0.5333333015441895;0.0
0.800000011920929;1.0;0.3333333134651184;0.2666666507720947;0.18000000715255737;0.13157892227172852;0.28125;0.0
0.9388889074325562;1.0;0.27272725105285645;0.08333331346511841;0.22727274894714355;0.0952380895614624;0.29411762952804565;0.0
1.0;0.0;0.75;0.800000011920929;0.47058820724487305;0.6666666269302368;0.6428571343421936;0.0
1.0;1.0;0.8095238208770752;0.7599999904632568;0.800000011920929;0.4166666865348816;0.8333333134651184;1.0
1.0;0.0;0.375;0.8333333134651184;0.800000011920929;0.5833333730697632;0.3125;0.0
1.0;1.0;1.0;0.13793104887008667;0.1666666865348816;0.1428571343421936;0.0476190447807312;0.0
1.0;1.0;0.48148149251937866;0.21739131212234497;0.125;0.09090906381607056;0.14814811944961548;1.0
1.0;0.0;0.48148149251937866;0.6428571343421936;0.6666666269302368;0.3500000238418579;0.6428571343421936;0.0
1.0;0.0;0.692307710647583;0.5833333730697632;0.5;0.75;0.7307692170143127;0.0
0.6666666865348816;0.0;0.7200000286102295;0.45454543828964233;0.5;0.0;0.0;0.0
0.7833333015441895;1.0;1.0;1.0;1.0;1.0;0.8500000238418579;1.0
1.0;0.0;0.7777777910232544;0.5769230723381042;0.45454543828964233;0.3870967626571655;0.3571428656578064;0.0
1.0;0.0;0.42105263471603394;0.800000011920929;0.375;0.2222222089767456;0.2291666865348816;0.0
1.0;0.0;0.782608687877655;0.3571428656578064;0.75;0.4117646813392639;0.238095223903656;0.0
1.0;0.0;0.75;0.13333332538604736;0.23529410362243652;0.5714285373687744;0.4285714030265808;0.0
1.0;0.0;0.7777777910232544;0.6666666269302368;0.8333333134651184;0.8333333134651184;0.2777777910232544;0.0
1.0;0.0;0.5555555820465088;0.3636363744735718;0.5833333730697632;0.5;0.6363636255264282;0.0
1.0;1.0;0.8695652484893799;0.875;0.800000011920929;0.8888888955116272;0.800000011920929;1.0
1.0;0.0;0.4583333134651184;0.9090908765792847;0.25;0.875;0.5625;0.0
1.0;0.0;0.8999999761581421;0.6428571343421936;0.3181818127632141;0.4516128897666931;0.2857142686843872;0.0
0.7142857313156128;1.0;0.17241376638412476;0.2222222089767456;0.15789473056793213;0.1794871687889099;0.19999998807907104;0.0
1.0;0.0;0.615384578704834;0.8260869383811951;0.2857142686843872;0.8571428656578064;0.6428571343421936;0.0
1.0;0.0;0.75;0.7857142686843872;0.7894736528396606;0.3333333134651184;0.8333333134651184;0.0
0.8333333134651184;0.0;0.5555555820465088;0.5454545021057129;0.3333333134651184;0.10000002384185791;0.3999999761581421;0.0
0.7800000309944153;1.0;0.2708333134651184;0.1521739363670349;0.13725489377975464;0.25;0.1666666865348816;0.0
1.0;0.0;0.8333333134651184;0.8571428656578064;0.31578946113586426;0.3333333134651184;0.30000001192092896;0.0
1.0;1.0;0.8461538553237915;0.20930230617523193;0.6000000238418579;0.5;0.7105263471603394;1.0
0.89000004529953;1.0;0.28125;0.13636362552642822;0.18333333730697632;0.25;0.16326528787612915;0.0
1.0;0.0;0.3333333134651184;0.3461538553237915;0.3636363744735718;0.6129032373428345;0.3636363744735718;0.0
1.0;0.0;0.7368420958518982;0.7142857313156128;0.1666666865348816;0.25925928354263306;0.25;0.0
1.0;0.0;0.7142857313156128;0.7272727489471436;0.7727272510528564;0.8260869383811951;0.4736841917037964;0.0
1.0;0.0;0.692307710647583;0.7692307829856873;0.27272725105285645;0.22580647468566895;0.27272725105285645;0.0
1.0;0.0;0.23333334922790527;0.6666666269302368;0.6875;0.45454543828964233;0.2631579041481018;0.0
1.0;0.0;0.6363636255264282;0.5454545021057129;0.3684210777282715;0.5625;0.4615384340286255;0.0
1.0;0.0;0.8461538553237915;0.6428571343421936;0.8181818127632141;0.7894736528396606;0.875;0.0
1.0;0.9444444179534912;0.23076921701431274;0.1111111044883728;0.1428571343421936;0.2142857313156128;0.3333333134651184;0.0
1.0;0.0;0.7777777910232544;0.875;0.3333333134651184;0.8999999761581421;0.4444444179534912;0.0
0.746666669845581;1.0;0.2222222089767456;0.3142856955528259;0.21212118864059448;0.10810810327529907;0.2765957713127136;0.0
1.0;1.0;0.12903225421905518;0.05263155698776245;0.050000011920928955;0.5333333015441895;0.3442623019218445;0.0
1.0;0.0;0.6666666269302368;0.3888888955116272;0.4444444179534912;0.05882352590560913;0.6666666269302368;0.0
0.8333333134651184;0.0;0.5;0.5;0.4444444179534912;0.05882352590560913;0.6666666269302368;0.0
1.0;0.0;0.8333333134651184;0.3636363744735718;0.4166666865348816;0.800000011920929;0.5454545021057129;0.0
1.0;0.0;0.5;0.5714285373687744;0.5555555820465088;0.23529410362243652;0.4285714030265808;0.0
1.0;0.0;0.47826087474823;0.8571428656578064;0.8333333134651184;0.4722222089767456;0.761904776096344;0.0
1.0;0.0;0.19999998807907104;0.4285714030265808;0.476190447807312;0.6111111044883728;0.6190476417541504;0.0
1.0;0.0;0.523809552192688;0.3571428656578064;0.8333333134651184;0.1944444179534912;0.3125;0.0
0.9314285516738892;1.0;0.25;0.11764705181121826;0.19999998807907104;0.1904761791229248;0.307692289352417;0.0
1.0;1.0;0.875;1.0;1.0;1.0;1.0;1.0
0.6000000238418579;0.9444444179534912;0.25;0.19999998807907104;0.1860465407371521;0.13636362552642822;0.11764705181121826;0.0
1.0;0.0;0.24000000953674316;0.7142857313156128;0.45454543828964233;0.7777777910232544;0.5909091234207153;0.0
0.8333333134651184;0.0;0.5416666269302368;0.7142857313156128;0.6000000238418579;1.0;0.8125;0.0
1.0;0.0;0.3461538553237915;0.52173912525177;0.7647058963775635;0.7692307829856873;0.45454543828964233;0.0
1.0;0.0;0.30000001192092896;0.46666663885116577;0.5;0.8181818127632141;0.42105263471603394;0.0
1.0;0.0;0.3181818127632141;0.5806452035903931;0.5263158082962036;0.25;0.5714285373687744;0.0
0.949999988079071;0.0;0.6190476417541504;0.800000011920929;0.47826087474823;0.2799999713897705;0.625;0.0
1.0;0.0;0.699999988079071;0.6451612710952759;0.31578946113586426;0.45454543828964233;0.7142857313156128;0.0
1.0;0.0;0.40909093618392944;0.6538461446762085;0.5;0.5161290168762207;0.3333333134651184;0.0
1.0;0.0;0.8333333134651184;0.5;0.6000000238418579;0.6470588445663452;0.5714285373687744;0.0
1.0;1.0;1.0;1.0;1.0;1.0;1.0;1.0
1.0;1.0;1.0;0.8571428656578064;1.0;0.9411764740943909;0.9166666865348816;1.0
0.9333333373069763;1.0;0.9523809552192688;1.0;1.0;0.9444444179534912;1.0;1.0
0.5642856955528259;1.0;0.21212118864059448;0.23404252529144287;0.20689654350280762;0.14705884456634521;0.18518519401550293;0.0
0.7148148417472839;1.0;0.2142857313156128;0.125;0.27027028799057007;0.2142857313156128;0.1666666865348816;0.0
1.0;1.0;0.7647058963775635;0.692307710647583;0.4285714030265808;0.7777777910232544;0.5;1.0
0.800000011920929;0.0;0.25;0.4285714030265808;0.46666663885116577;0.5333333015441895;0.4444444179534912;0.0
1.0;0.0;0.8181818127632141;0.6363636255264282;0.75;0.5625;0.75;0.0
1.0;0.0;0.8461538553237915;0.8571428656578064;0.3529411554336548;0.3181818127632141;0.3999999761581421;0.0
1.0;1.0;1.0;0.8666666746139526;1.0;1.0;1.0;1.0
1.0;0.0;0.5652173757553101;0.7368420958518982;0.5882352590560913;0.7272727489471436;0.761904776096344;0.0
1.0;0.0;0.37037038803100586;0.3214285969734192;0.6000000238418579;0.6499999761581421;0.6428571343421936;0.0
1.0;1.0;0.9583333134651184;1.0;1.0;1.0;1.0;1.0
1.0;0.0;0.6666666269302368;0.7222222089767456;0.3529411554336548;0.5454545021057129;0.800000011920929;0.0
1.0;0.0;0.5416666269302368;0.476190447807312;0.30000001192092896;1.0;0.5;0.0
1.0;0.0;0.6666666269302368;0.2857142686843872;0.5555555820465088;0.25925928354263306;0.25;0.0
1.0;0.0;0.6000000238418579;0.8571428656578064;0.5789473652839661;0.2857142686843872;0.5454545021057129;0.0
1.0;0.0;0.8333333134651184;0.5;0.3684210777282715;0.23529410362243652;0.4285714030265808;0.0
0.6583333015441895;1.0;0.20967739820480347;0.21739131212234497;0.17543858289718628;0.1454545259475708;0.21311473846435547;0.0
1.0;0.0;0.5384615659713745;0.3333333134651184;0.6111111044883728;0.8181818127632141;0.6538461446762085;0.0
0.8857142925262451;1.0;0.75;0.8999999761581421;0.8888888955116272;1.0;1.0;1.0
1.0;0.0;0.7666666507720947;0.6666666269302368;0.6000000238418579;0.6363636255264282;0.8421052694320679;0.0
0.7805555462837219;1.0;0.40740740299224854;0.41463416814804077;0.25806450843811035;0.2222222089767456;0.21875;0.0
0.5333333611488342;0.0;0.6666666269302368;0.6428571343421936;0.5;0.529411792755127;0.43478262424468994;0.0
1.0;0.0;0.2631579041481018;0.3333333134651184;0.7083333730697632;0.6000000238418579;0.6499999761581421;0.0
1.0;0.0;0.5625;0.7307692170143127;0.1818181872367859;0.4516128897666931;0.5;0.0
1.0;0.0;0.5833333730697632;0.875;0.6111111044883728;0.8333333134651184;0.7777777910232544;0.0
0.7904762029647827;0.0;0.6363636255264282;0.6190476417541504;0.4285714030265808;0.44999998807907104;0.6086956262588501;0.0
1.0;0.0;0.4375;0.6774193644523621;0.21052628755569458;0.3571428656578064;0.523809552192688;0.0
0.8571428656578064;0.9444444179534912;0.2142857313156128;0.11764705181121826;0.1111111044883728;0.125;0.0;0.0
1.0;0.0;0.550000011920929;0.45454543828964233;0.6363636255264282;0.0;0.0;0.0
1.0;0.0;0.7272727489471436;0.5454545021057129;0.2631579041481018;0.8888888955116272;0.692307710647583;0.0
0.75;1.0;0.24324321746826172;0.24324321746826172;0.2142857313156128;0.1111111044883728;0.1320754885673523;0.0
0.6599999666213989;1.0;0.23529410362243652;0.1702127456665039;0.17241376638412476;0.1428571343421936;0.17142856121063232;0.0
1.0;1.0;1.0;0.8666666746139526;1.0;1.0;1.0;1.0
0.7370370626449585;1.0;0.21052628755569458;0.07142859697341919;0.23333334922790527;0.1111111044883728;0.0;0.0
1.0;0.0;0.5;0.875;0.45454543828964233;0.3333333134651184;0.4285714030265808;0.0
1.0;1.0;0.8846153616905212;0.7272727489471436;0.8333333134651184;0.75;0.7692307829856873;1.0
1.0;0.0;0.48148149251937866;0.4736841917037964;0.47058820724487305;0.7727272510528564;0.44999998807907104;0.0
0.7433333396911621;1.0;0.2142857313156128;0.2250000238418579;0.1111111044883728;0.1904761791229248;0.12903225421905518;0.0
1.0;0.0;0.8333333134651184;0.5714285373687744;0.7272727489471436;0.6470588445663452;0.8571428656578064;0.0
0.75;0.0;0.7916666865348816;0.6666666269302368;0.7916666865348816;0.12962961196899414;0.3333333134651184;0.0
0.7770833373069763;1.0;0.22727274894714355;0.19512194395065308;0.19512194395065308;0.19999998807907104;0.09756100177764893;0.0
0.699999988079071;1.0;0.15151512622833252;0.1702127456665039;0.20689654350280762;0.1785714030265808;0.1818181872367859;0.0
1.0;0.0;0.3913043737411499;0.5384615659713745;0.45454543828964233;0.5483871102333069;0.238095223903656;0.0
1.0;0.0;0.5909091234207153;0.761904776096344;0.6470588445663452;0.6363636255264282;0.550000011920929;0.0
0.644444465637207;1.0;0.8695652484893799;0.875;0.800000011920929;0.8888888955116272;0.800000011920929;1.0
1.0;0.0;0.3333333134651184;0.75;0.6666666269302368;0.6666666269302368;0.5714285373687744;0.0
0.800000011920929;1.0;0.25925928354263306;0.22857141494750977;0.2142857313156128;0.25806450843811035;0.15625;0.0
0.5333333611488342;0.0;0.3999999761581421;0.6842105388641357;0.6000000238418579;0.5;0.5652173757553101;0.0
1.0;0.0;0.6363636255264282;0.9090908765792847;0.3125;0.625;0.5555555820465088;0.0
0.8571428656578064;0.0;0.6875;0.5;0.4117646813392639;0.40909093618392944;0.6842105388641357;0.0
1.0;0.0;0.3125;0.43478262424468994;0.46666663885116577;0.6000000238418579;0.6111111044883728;0.0
1.0;0.0;0.5833333730697632;0.4444444179534912;0.4117646813392639;0.3181818127632141;0.42105263471603394;0.0
1.0;0.0;0.5;0.5714285373687744;0.46666663885116577;0.46666663885116577;0.3888888955116272;0.0
0.7179999947547913;1.0;0.21212118864059448;0.1875;0.1627907156944275;0.12121212482452393;0.1875;0.0
1.0;0.0;0.4166666865348816;0.5652173757553101;0.6000000238418579;0.5882352590560913;0.7647058963775635;0.0
0.6666666865348816;0.0;0.7916666865348816;0.3333333134651184;0.699999988079071;0.3888888955116272;0.7368420958518982;0.0
1.0;1.0;1.0;1.0;1.0;1.0;1.0;1.0
1.0;0.0;0.4333333373069763;0.7368420958518982;0.7058823108673096;0.5;0.800000011920929;0.0
1.0;0.0;0.5;0.7142857313156128;0.44999998807907104;0.4117646813392639;0.875;0.0
1.0;1.0;0.48148149251937866;0.21739131212234497;0.125;0.14814811944961548;0.14814811944961548;1.0
0.9125000238418579;1.0;0.18421053886413574;0.17500001192092896;0.08695650100708008;0.23333334922790527;0.1666666865348816;0.0
0.800000011920929;0.0;0.5263158082962036;0.75;0.25;0.20370370149612427;0.3125;0.0
1.0;0.0;0.699999988079071;0.8333333134651184;0.523809552192688;0.6363636255264282;0.238095223903656;0.0
1.0;0.0;0.30434781312942505;0.7142857313156128;0.625;0.29411762952804565;0.238095223903656;0.0
1.0;0.0;0.6666666269302368;0.46666663885116577;0.23529410362243652;0.08333331346511841;0.46666663885116577;0.0
1.0;0.0;0.6666666269302368;0.5;0.45454543828964233;0.25925928354263306;0.25;0.0
1.0;0.0;0.6666666269302368;0.8571428656578064;0.5882352590560913;0.6666666269302368;0.38461536169052124;0.0
1.0;0.0;0.4583333134651184;0.9090908765792847;0.25;0.875;0.5625;0.0
0.6625000238418579;1.0;0.27272725105285645;0.24444442987442017;0.22580647468566895;0.19565218687057495;0.238095223903656;0.0
1.0;0.0;0.4333333373069763;0.8666666746139526;0.8333333134651184;0.6363636255264282;0.7368420958518982;0.0
1.0;0.0;0.3913043737411499;0.5;0.6000000238418579;0.529411792755127;0.3809523582458496;0.0
1.0;0.0;0.692307710647583;0.2916666865348816;0.5;0.8181818127632141;0.307692289352417;0.0
1.0;1.0;0.6499999761581421;0.36000001430511475;0.10000002384185791;0.3478260636329651;0.5;0.0
1.0;0.0;0.6666666269302368;0.5;0.6000000238418579;0.5;0.615384578704834;0.0
1.0;0.0;0.3478260636329651;0.8666666746139526;0.529411792755127;0.7058823108673096;0.523809552192688;0.0
1.0;0.0;0.699999988079071;0.5357142686843872;0.3529411554336548;0.6470588445663452;0.5714285373687744;0.0
1.0;1.0;0.9444444179534912;0.08333331346511841;0.1666666865348816;0.0625;0.1499999761581421;1.0
1.0;0.0;0.550000011920929;0.7368420958518982;0.8333333134651184;0.2777777910232544;0.5333333015441895;0.0
0.7214285731315613;1.0;0.25641024112701416;0.1538461446762085;0.12903225421905518;0.18918919563293457;0.19999998807907104;0.0
1.0;1.0;0.625;0.8999999761581421;0.8571428656578064;0.9285714030265808;0.9090908765792847;1.0
0.875;1.0;0.125;0.1875;0.2571428418159485;0.17142856121063232;1.0;0.0
0.6371428370475769;1.0;0.25;0.13333332538604736;0.20588237047195435;0.1875;0.1764705777168274;0.0
1.0;1.0;0.8999999761581421;1.0;1.0;1.0;1.0;1.0
0.6000000238418579;1.0;1.0;1.0;1.0;0.9523809552192688;1.0;1.0
1.0;0.0;0.5714285373687744;0.8571428656578064;0.5833333730697632;0.6666666269302368;0.8888888955116272;0.0
1.0;0.0;0.7777777910232544;0.5333333015441895;0.4117646813392639;0.5833333730697632;0.5;0.0
1.0;0.0;0.7692307829856873;0.6086956262588501;0.7142857313156128;0.7647058963775635;0.523809552192688;0.0
1.0;1.0;1.0;1.0;1.0;1.0;1.0;1.0
1.0;0.0;0.4615384340286255;0.6666666269302368;0.6000000238418579;0.3888888955116272;0.615384578704834;0.0
0.7809523940086365;1.0;0.23076921701431274;0.18333333730697632;0.11428570747375488;0.2448979616165161;0.0;0.0
1.0;0.0;0.5;0.1428571343421936;0.4444444179534912;0.529411792755127;0.4285714030265808;0.0
1.0;0.0;0.75;0.5384615659713745;0.40909093618392944;0.5483871102333069;0.3571428656578064;0.0
0.7666666507720947;1.0;0.2368420958518982;0.19565218687057495;0.1666666865348816;0.1875;0.20967739820480347;0.0
1.0;0.0;0.8333333134651184;0.8333333134651184;0.550000011920929;0.5;0.6875;0.0
0.2199999839067459;1.0;0.5;0.5;0.5;1.0;1.0;0.0
0.6166666746139526;1.0;0.7777777910232544;0.8666666746139526;0.875;1.0;0.1764705777168274;1.0
0.6666666865348816;1.0;0.2666666507720947;0.1521739363670349;0.192307710647583;0.15909093618392944;0.2142857313156128;0.0
1.0;0.0;0.3199999928474426;0.5454545021057129;0.7727272510528564;0.6428571343421936;0.5909091234207153;0.0
1.0;1.0;1.0;0.9375;1.0;0.8999999761581421;1.0;1.0
1.0;0.0;0.3636363744735718;0.6190476417541504;0.47058820724487305;0.6000000238418579;0.5333333015441895;0.0
1.0;0.0;0.36666667461395264;0.6666666269302368;0.5833333730697632;0.625;0.31578946113586426;0.0
1.0;0.0;0.9090908765792847;0.5;0.5;0.3611111044883728;0.625;0.0
1.0;0.0;0.375;0.38461536169052124;0.7727272510528564;0.22580647468566895;0.3125;0.0
1.0;0.0;0.9166666865348816;0.7857142686843872;0.6666666269302368;0.4722222089767456;0.875;0.0
1.0;0.0;0.75;0.9285714030265808;0.7894736528396606;0.21052628755569458;0.5454545021057129;0.0
1.0;0.0;0.4615384340286255;0.8888888955116272;0.45454543828964233;0.21052628755569458;0.375;0.0
1.0;0.0;0.7857142686843872;0.8333333134651184;0.5454545021057129;0.47826087474823;0.3461538553237915;0.0
1.0;0.0;0.8461538553237915;0.5833333730697632;0.5789473652839661;0.3636363744735718;0.23076921701431274;0.0
0.8805555701255798;1.0;0.21052628755569458;0.25;0.12903225421905518;0.25;0.21052628755569458;0.0
1.0;0.0;0.8333333134651184;0.5;0.550000011920929;1.0;0.3125;0.0
1.0;0.0;0.03333336114883423;0.30000001192092896;0.523809552192688;0.7272727489471436;0.761904776096344;0.0
1.0;0.0;0.5454545021057129;0.6666666269302368;0.5714285373687744;0.3500000238418579;0.6000000238418579;0.0
0.9111111164093018;1.0;0.09677422046661377;0.02499997615814209;0.07499998807907104;0.2881355881690979;0.4864864945411682;0.0
1.0;0.0;0.5454545021057129;0.6666666269302368;0.5714285373687744;0.699999988079071;0.6666666269302368;0.0
1.0;0.0;0.875;0.46666663885116577;0.47058820724487305;0.8333333134651184;0.5714285373687744;0.0
1.0;0.0;0.5263158082962036;0.7916666865348816;0.260869562625885;0.7333333492279053;0.47058820724487305;0.0
1.0;0.0;0.037037014961242676;0.44999998807907104;0.7272727489471436;0.3999999761581421;0.4285714030265808;0.0
1.0;0.0;0.4444444179534912;0.8181818127632141;0.800000011920929;0.5;0.692307710647583;0.0
1.0;0.0;0.6363636255264282;0.5714285373687744;0.6666666269302368;0.2777777910232544;0.7777777910232544;0.0
0.7333333492279053;1.0;0.25;0.1538461446762085;0.12820512056350708;0.3055555820465088;0.1944444179534912;0.0
0.800000011920929;0.0;0.6666666269302368;0.6363636255264282;0.5;0.25;0.3999999761581421;0.0
0.800000011920929;1.0;0.2368420958518982;0.24324321746826172;0.18518519401550293;0.0952380895614624;0.125;0.0
0.663095235824585;1.0;0.2083333134651184;0.19607841968536377;0.10526317358016968;0.17391306161880493;0.19999998807907104;0.0
1.0;0.0;0.3333333134651184;0.4285714030265808;0.5833333730697632;0.47058820724487305;0.5714285373687744;0.0
0.6000000238418579;1.0;0.18421053886413574;0.21276593208312988;0.17241376638412476;0.1764705777168274;0.1428571343421936;0.0
0.9555555582046509;1.0;0.699999988079071;0.6666666269302368;0.7647058963775635;0.6666666269302368;0.75;1.0
1.0;0.0;0.30000001192092896;0.5769230723381042;0.5454545021057129;0.3548387289047241;0.2631579041481018;0.0
1.0;0.0;0.6521738767623901;0.6666666269302368;0.3999999761581421;0.8235294222831726;0.523809552192688;0.0
1.0;0.0;0.5384615659713745;0.6129032373428345;0.7894736528396606;0.22727274894714355;0.8571428656578064;0.0
1.0;0.0;0.6333333253860474;0.8666666746139526;0.5;0.20370370149612427;0.3958333134651184;0.0
1.0;0.0;0.3333333134651184;0.6000000238418579;0.800000011920929;0.7777777910232544;0.8125;0.0
0.75;1.0;0.3333333134651184;0.21621620655059814;0.1388888955116272;0.1818181872367859;0.1794871687889099;0.0
0.591688334941864;1.0;0.22857141494750977;0.260869562625885;0.19999998807907104;0.8571428656578064;0.9722222089767456;0.0
0.6666666865348816;0.0;0.6666666269302368;0.5;0.6470588445663452;0.5555555820465088;0.6842105388641357;0.0
1.0;1.0;0.8181818127632141;0.800000011920929;0.7142857313156128;0.75;1.0;1.0
1.0;0.0;0.3333333134651184;0.6666666269302368;0.3999999761581421;0.5833333730697632;0.5625;0.0
0.6142857670783997;1.0;0.2083333134651184;0.1702127456665039;0.21568626165390015;0.27272725105285645;0.3333333134651184;0.0
1.0;0.0;0.40740740299224854;0.8181818127632141;0.625;0.3999999761581421;0.8888888955116272;0.0
1.0;0.0;0.52173912525177;0.9285714030265808;0.5263158082962036;0.23529410362243652;0.2857142686843872;0.0
1.0;0.0;0.875;0.2222222089767456;0.5555555820465088;0.29629629850387573;0.2857142686843872;0.0
1.0;0.0;0.7333333492279053;0.6666666269302368;0.6428571343421936;0.550000011920929;0.5263158082962036;0.0
1.0;0.0;0.523809552192688;0.45454543828964233;0.5833333730697632;0.4375;0.8333333134651184;0.0
0.746666669845581;1.0;0.23076921701431274;0.1666666865348816;0.1071428656578064;0.2222222089767456;0.125;0.0
1.0;0.0;0.7857142686843872;0.8571428656578064;0.6666666269302368;0.4117646813392639;0.8571428656578064;0.0
1.0;0.0;0.3999999761581421;0.4285714030265808;0.8095238208770752;0.3636363744735718;0.2857142686843872;0.0
0.6666666865348816;0.0;0.8500000238418579;0.7333333492279053;0.6521738767623901;0.7777777910232544;0.4736841917037964;0.0
1.0;0.0;1.0;0.7142857313156128;0.6000000238418579;0.6470588445663452;0.529411792755127;0.0
0.9023809432983398;1.0;0.1818181872367859;0.07142859697341919;0.1818181872367859;0.2222222089767456;0.1904761791229248;0.0
0.8666666746139526;1.0;0.699999988079071;0.6666666269302368;0.8235294222831726;0.6666666269302368;0.6666666269302368;1.0
0.6222222447395325;1.0;0.24324321746826172;0.0;0.04166668653488159;0.15625;0.12000000476837158;0.0
1.0;1.0;1.0;1.0;0.8888888955116272;1.0;1.0;1.0
0.9166666269302368;0.0;0.523809552192688;0.45454543828964233;0.4166666865348816;0.875;0.5555555820465088;0.0
1.0;0.0;0.7142857313156128;0.08695650100708008;0.2666666507720947;0.5714285373687744;0.3529411554336548;0.0
0.6666666865348816;0.0;0.7692307829856873;0.739130437374115;0.7857142686843872;0.692307710647583;0.36666667461395264;0.0
1.0;0.0;0.7666666507720947;0.5454545021057129;0.8181818127632141;0.7142857313156128;0.7727272510528564;0.0
1.0;1.0;0.22857141494750977;0.22727274894714355;0.125;0.12195122241973877;0.1600000262260437;0.0
0.8500000238418579;1.0;0.7333333492279053;1.0;0.5882352590560913;0.615384578704834;0.6315789222717285;1.0
0.3911111056804657;1.0;0.1304348111152649;0.1499999761581421;0.19999998807907104;0.1499999761581421;0.07407408952713013;0.0
1.0;0.0;0.25;0.7142857313156128;0.5;0.3888888955116272;0.8125;0.0
1.0;1.0;1.0;1.0;1.0;1.0;1.0;1.0
1.0;1.0;0.1875;0.14035087823867798;0.13157892227172852;0.16176468133926392;1.0;0.0
1.0;0.0;0.8181818127632141;0.6363636255264282;0.3125;0.75;0.6000000238418579;0.0
1.0;0.0;0.8666666746139526;0.3333333134651184;0.8333333134651184;0.1428571343421936;0.307692289352417;0.0
0.6666666865348816;0.0;0.6000000238418579;0.7368420958518982;0.8333333134651184;0.699999988079071;0.46666663885116577;0.0
0.9666666984558105;1.0;1.0;1.0;1.0;1.0;0.8500000238418579;1.0
0.9288889169692993;1.0;0.1818181872367859;0.238095223903656;0.1875;0.1458333134651184;0.27027028799057007;0.0
0.8571428656578064;0.0;0.5;0.3888888955116272;0.23529410362243652;0.045454561710357666;0.5263158082962036;0.0
1.0;0.0;0.30434781312942505;0.4516128897666931;0.5263158082962036;0.29411762952804565;0.8095238208770752;0.0
1.0;0.0;0.5833333730697632;0.4444444179534912;0.8181818127632141;0.7058823108673096;0.8571428656578064;0.0
1.0;0.0;0.6363636255264282;0.7857142686843872;0.75;0.1388888955116272;0.3125;0.0
0.9166666865348816;1.0;0.800000011920929;0.8333333134651184;0.7692307829856873;0.75;0.7777777910232544;1.0
1.0;0.0;0.44999998807907104;0.4166666865348816;0.6470588445663452;0.0;0.0;0.0
1.0;0.0;0.782608687877655;0.5833333730697632;0.43478262424468994;0.7647058963775635;0.4285714030265808;0.0
0.6520833373069763;1.0;0.17391306161880493;0.1875;0.1666666865348816;0.1666666865348816;0.0625;0.0
1.0;1.0;0.1538461446762085;0.21052628755569458;0.162162184715271;0.0;0.0;0.0
1.0;0.0;0.44999998807907104;0.8333333134651184;0.6470588445663452;0.7142857313156128;0.45454543828964233;0.0
1.0;0.0;0.6666666269302368;0.8666666746139526;0.4117646813392639;0.6470588445663452;0.5714285373687744;0.0
1.0;0.0;0.06666666269302368;0.6499999761581421;0.5789473652839661;0.5;0.2857142686843872;0.0
1.0;0.0;0.4615384340286255;0.2222222089767456;0.3636363744735718;0.4736841917037964;0.375;0.0
1.0;1.0;1.0;1.0;0.9523809552192688;1.0;1.0;1.0
1.0;0.0;0.75;0.9047619104385376;0.6666666269302368;0.5;0.5714285373687744;0.0
1.0;0.0;0.625;0.5263158082962036;0.30000001192092896;0.7777777910232544;0.6086956262588501;0.0
0.800000011920929;0.0;0.625;0.5714285373687744;0.46666663885116577;0.4736841917037964;0.6666666269302368;0.0
1.0;0.0;0.5833333730697632;0.7222222089767456;0.8888888955116272;0.8823529481887817;0.7857142686843872;0.0
1.0;1.0;1.0;1.0;1.0;1.0;0.7142857313156128;1.0
1.0;0.0;0.23333334922790527;0.4838709831237793;0.5789473652839661;0.45454543828964233;0.7142857313156128;0.0
0.800000011920929;0.0;0.5555555820465088;0.1818181872367859;0.5;0.07142859697341919;0.3999999761581421;0.0
1.0;0.0;0.7142857313156128;0.7272727489471436;0.75;0.29411762952804565;0.8333333134651184;0.0
1.0;0.0;0.36666667461395264;0.5454545021057129;0.3333333134651184;0.6875;0.2857142686843872;0.0
1.0;1.0;1.0;1.0;1.0;1.0;1.0;1.0
1.0;1.0;0.8888888955116272;0.800000011920929;0.5;0.3461538553237915;0.8333333134651184;1.0
1.0;0.0;0.4583333134651184;0.7142857313156128;0.6000000238418579;0.1944444179534912;0.9375;0.0
0.75;1.0;0.2195122241973877;0.2083333134651184;0.25;0.25;0.14814811944961548;0.0
1.0;0.0;0.48148149251937866;0.4285714030265808;0.75;0.3500000238418579;0.7777777910232544;0.0
0.7309524416923523;1.0;0.23529410362243652;0.2142857313156128;0.13333332538604736;0.08333331346511841;0.2222222089767456;0.0
1.0;0.0;0.5;0.6666666269302368;0.5714285373687744;0.5;0.625;0.0
0.7583333253860474;1.0;0.30000001192092896;0.13953489065170288;0.13461536169052124;0.125;0.14814811944961548;0.0
1.0;0.0;0.875;0.375;0.625;0.25925928354263306;0.2142857313156128;0.0
1.0;1.0;0.4390243887901306;0.29545456171035767;0.15555554628372192;0.6129032373428345;0.5833333730697632;1.0
0.9583333134651184;0.0;0.75;0.800000011920929;0.75;0.0;0.0;0.0
0.8333333730697632;1.0;1.0;1.0;1.0;1.0;0.9411764740943909;1.0
1.0;0.0;0.31578946113586426;0.5833333730697632;0.43478262424468994;0.8333333134651184;0.692307710647583;0.0
0.875;1.0;0.25;0.3333333134651184;0.2142857313156128;0.12244898080825806;0.1111111044883728;0.0
1.0;0.0;0.5833333730697632;0.875;0.7272727489471436;0.8333333134651184;0.6428571343421936;0.0
1.0;0.0;0.699999988079071;0.3928571343421936;0.375;0.29411762952804565;0.3571428656578064;0.0
1.0;0.0;0.6333333253860474;0.8333333134651184;0.523809552192688;0.0;0.0;0.0
1.0;0.0;0.7692307829856873;0.7142857313156128;0.6000000238418579;0.4117646813392639;0.5;0.0
1.0;0.0;0.6315789222717285;0.5833333730697632;0.3913043737411499;0.8235294222831726;0.6428571343421936;0.0
1.0;0.0;0.03846156597137451;0.782608687877655;0.7857142686843872;0.615384578704834;0.523809552192688;0.0
1.0;1.0;1.0;0.9333333373069763;1.0;1.0;1.0;1.0
0.6499999761581421;1.0;1.0;0.3500000238418579;0.3500000238418579;0.30000001192092896;0.30000001192092896;0.0
1.0;0.0;0.40740740299224854;0.8181818127632141;0.875;0.800000011920929;0.6666666269302368;0.0
1.0;0.0;0.6666666269302368;0.6666666269302368;0.6666666269302368;0.5833333730697632;0.699999988079071;0.0
1.0;0.0;0.5;0.7142857313156128;0.800000011920929;0.5714285373687744;0.375;0.0
1.0;0.0;0.7777777910232544;0.875;0.8333333134651184;0.6000000238418579;0.7222222089767456;0.0
0.8888888955116272;1.0;0.2321428656578064;0.20454543828964233;0.21052628755569458;0.20454543828964233;0.8333333134651184;0.0
1.0;0.0;0.5714285373687744;0.3333333134651184;0.6666666269302368;0.47058820724487305;0.6666666269302368;0.0
1.0;1.0;0.8888888955116272;0.800000011920929;0.5;0.3461538553237915;0.8333333134651184;1.0
1.0;1.0;0.20689654350280762;0.1600000262260437;0.18518519401550293;0.21212118864059448;0.12121212482452393;0.0
1.0;0.0;0.6000000238418579;0.7142857313156128;1.0;0.6111111044883728;0.7222222089767456;0.0
1.0;0.0;0.8695652484893799;0.6190476417541504;0.6428571343421936;0.699999988079071;0.523809552192688;0.0
0.5;1.0;1.0;1.0;0.9411764740943909;1.0;1.0;1.0
1.0;0.0;0.8999999761581421;0.3928571343421936;0.6000000238418579;0.529411792755127;0.5555555820465088;0.0
1.0;0.0;0.38461536169052124;0.8260869383811951;0.4285714030265808;0.7692307829856873;0.5882352590560913;0.0
1.0;0.0;0.807692289352417;0.43478262424468994;0.699999988079071;0.5384615659713745;0.6875;0.0
1.0;0.0;0.7142857313156128;0.3181818127632141;0.5833333730697632;0.4166666865348816;0.7272727489471436;0.0
1.0;0.0;0.5;0.4285714030265808;0.6363636255264282;0.6470588445663452;0.6428571343421936;0.0
1.0;0.0;0.6666666269302368;0.476190447807312;0.19999998807907104;0.5;0.6875;0.0
1.0;0.0;0.45454543828964233;0.7142857313156128;0.4285714030265808;0.550000011920929;0.6470588445663452;0.0
1.0;0.0;0.30000001192092896;0.3571428656578064;0.8181818127632141;0.0;0.0;0.0
0.9666666984558105;1.0;1.0;0.8666666746139526;0.875;1.0;0.8823529481887817;1.0
1.0;0.0;0.5;0.1785714030265808;0.6363636255264282;0.05882352590560913;0.0;0.0
0.9750000238418579;1.0;1.0;1.0;0.8235294222831726;0.7857142686843872;1.0;1.0
1.0;0.0;0.43478262424468994;0.699999988079071;0.6000000238418579;0.6470588445663452;0.7142857313156128;0.0
1.0;0.0;0.7727272510528564;0.5666666626930237;0.529411792755127;0.6000000238418579;0.5789473652839661;0.0
1.0;0.0;0.9166666865348816;0.7857142686843872;0.2631579041481018;0.5;0.5555555820465088;0.0
1.0;0.0;0.43478262424468994;0.7857142686843872;0.800000011920929;0.5882352590560913;0.8095238208770752;0.0
1.0;0.0;0.75;0.875;0.5454545021057129;0.75;0.5714285373687744;0.0
0.3438095450401306;1.0;1.0;1.0;1.0;1.0;1.0;1.0
0.9166666865348816;1.0;0.21621620655059814;0.23076921701431274;0.20588237047195435;0.17777776718139648;0.14814811944961548;0.0
1.0;0.0;0.38461536169052124;0.3913043737411499;0.6666666269302368;0.5789473652839661;0.8235294222831726;0.0
0.800000011920929;1.0;0.25925928354263306;0.2142857313156128;0.15625;0.20454543828964233;0.13333332538604736;0.0
0.9714285731315613;1.0;1.0;1.0;1.0;1.0;1.0;1.0
1.0;0.0;0.7407407760620117;0.5555555820465088;0.6666666269302368;0.3500000238418579;0.5555555820465088;0.0
0.9111111164093018;1.0;1.0;1.0;1.0;1.0;1.0;1.0
1.0;0.7777778506278992;1.0;1.0;1.0;1.0;1.0;1.0
1.0;1.0;1.0;0.9375;1.0;1.0;1.0;1.0
0.699999988079071;1.0;0.20588237047195435;0.1428571343421936;0.12820512056350708;0.2083333134651184;0.15151512622833252;0.0
1.0;0.0;0.6666666269302368;0.7222222089767456;0.47058820724487305;0.5454545021057129;0.5789473652839661;0.0
0.7638888955116272;1.0;0.22727274894714355;0.2142857313156128;0.23076921701431274;0.2222222089767456;0.2777777910232544;0.0
1.0;0.0;0.8461538553237915;0.6842105388641357;0.529411792755127;0.7272727489471436;0.699999988079071;0.0
1.0;0.0;0.4444444179534912;0.6428571343421936;0.42105263471603394;0.19999998807907104;0.5555555820465088;0.0
1.0;0.0;0.375;0.40909093618392944;0.3999999761581421;0.3333333134651184;0.6111111044883728;0.0
0.6222222447395325;1.0;0.2549019455909729;0.22727274894714355;0.20512819290161133;0.25;0.21052628755569458;0.0
1.0;0.0;0.8571428656578064;0.2857142686843872;0.5;0.6428571343421936;0.6000000238418579;0.0
0.6666666865348816;0.0;0.8500000238418579;0.75;0.52173912525177;0.6666666269302368;0.30000001192092896;0.0
0.6666666865348816;0.0;0.30000001192092896;0.46666663885116577;0.529411792755127;0.7222222089767456;0.6842105388641357;0.0
0.6666666865348816;0.0;0.7037037014961243;0.30000001192092896;0.47058820724487305;0.75;0.4736841917037964;0.0
1.0;0.0;0.6666666269302368;0.7333333492279053;0.9166666865348816;0.7142857313156128;0.5789473652839661;0.0
0.6666666865348816;0.0;0.6499999761581421;0.8947368264198303;0.7058823108673096;0.45454543828964233;0.6000000238418579;0.0
1.0;0.0;0.375;0.6190476417541504;0.3999999761581421;0.7777777910232544;0.7142857313156128;0.0
1.0;1.0;1.0;1.0;1.0;1.0;1.0;1.0
1.0;0.0;0.8571428656578064;0.4444444179534912;0.5555555820465088;0.23529410362243652;0.5;0.0
0.9416666626930237;1.0;0.15625;0.17241376638412476;0.18918919563293457;0.14814811944961548;0.13333332538604736;0.0
1.0;0.0;0.75;0.4285714030265808;0.5263158082962036;0.5;0.8461538553237915;0.0
1.0;0.0;0.36666667461395264;0.7333333492279053;0.4166666865348816;0.7272727489471436;0.4736841917037964;0.0
1.0;0.0;0.06666666269302368;0.550000011920929;0.8181818127632141;0.7272727489471436;0.761904776096344;0.0
1.0;0.0;0.9166666865348816;0.7857142686843872;0.3684210777282715;0.25;0.8333333134651184;0.0
0.5916666984558105;1.0;0.1794871687889099;0.20454543828964233;0.15625;0.27272725105285645;0.18000000715255737;0.0
1.0;0.0;0.6666666269302368;0.5555555820465088;0.7272727489471436;0.0;0.0;0.0
0.6000000238418579;1.0;0.2083333134651184;0.1428571343421936;0.1600000262260437;0.1071428656578064;0.10169494152069092;0.0
1.0;0.0;0.4285714030265808;0.5714285373687744;0.3333333134651184;0.4444444179534912;0.3999999761581421;0.0
0.9166666269302368;0.0;0.8181818127632141;0.6363636255264282;0.8333333134651184;0.8888888955116272;0.8888888955116272;0.0
1.0;1.0;1.0;1.0;1.0;1.0;1.0;1.0
1.0;0.0;0.3333333134651184;0.6499999761581421;0.5;0.8181818127632141;0.6842105388641357;0.0
1.0;0.0;0.7777777910232544;0.5;0.7894736528396606;0.75;0.38461536169052124;0.0
1.0;0.0;0.8518518209457397;0.8181818127632141;0.3636363744735718;0.6499999761581421;0.40909093618392944;0.0
1.0;0.0;0.3809523582458496;0.8333333134651184;0.5789473652839661;0.7777777910232544;0.38461536169052124;0.0
1.0;0.0;0.5555555820465088;0.4285714030265808;0.5;0.699999988079071;0.6428571343421936;0.0
0.6733333468437195;0.0;0.5;0.7368420958518982;0.5;0.8181818127632141;0.739130437374115;0.0
0.7695238590240479;0.0;0.7368420958518982;0.6666666269302368;0.260869562625885;0.5333333015441895;0.3913043737411499;0.0
1.0;1.0;0.9333333373069763;1.0;1.0;0.8999999761581421;1.0;1.0
0.9555556178092957;1.0;1.0;1.0;1.0;1.0;1.0;1.0
1.0;0.0;0.8181818127632141;0.5384615659713745;0.5454545021057129;0.7222222089767456;0.3125;0.0
0.800000011920929;1.0;0.260869562625885;0.15789473056793213;0.25;0.03846156597137451;0.2820512652397156;0.0
0.6666666865348816;0.0;0.7599999904632568;0.9090908765792847;0.8181818127632141;0.5;0.7272727489471436;0.0
1.0;0.0;0.0;0.6000000238418579;0.6470588445663452;0.6666666269302368;0.238095223903656;0.0
0.9542856812477112;1.0;0.25;0.1538461446762085;0.23333334922790527;0.3636363744735718;0.1904761791229248;0.0
0.8666666746139526;1.0;1.0;0.8666666746139526;0.875;1.0;0.9411764740943909;1.0
0.6666666865348816;0.0;0.7599999904632568;0.9090908765792847;0.8181818127632141;0.5;0.7272727489471436;0.0
1.0;1.0;1.0;1.0;1.0;0.3333333134651184;0.35555553436279297;1.0
1.0;0.0;0.5833333730697632;0.7777777910232544;0.529411792755127;0.7272727489471436;0.6315789222717285;0.0
1.0;0.0;0.4583333134651184;0.7142857313156128;0.6000000238418579;0.1944444179534912;0.9375;0.0
1.0;1.0;0.5;0.2571428418159485;0.75;0.5666666626930237;0.550000011920929;1.0
1.0;0.0;0.550000011920929;0.8571428656578064;0.8333333134651184;0.3888888955116272;0.6875;0.0
1.0;0.0;0.5454545021057129;0.7142857313156128;0.699999988079071;0.8333333134651184;0.4615384340286255;0.0
0.8190476298332214;1.0;0.2222222089767456;0.2142857313156128;0.1818181872367859;0.2142857313156128;0.3333333134651184;0.0
0.7523809671401978;1.0;0.1071428656578064;0.1666666865348816;0.1666666865348816;0.239130437374115;0.12000000476837158;0.0
1.0;0.0;0.5;0.45454543828964233;0.8181818127632141;0.0;0.0;0.0
1.0;0.0;0.7692307829856873;0.5;0.529411792755127;0.8181818127632141;0.7894736528396606;0.0
1.0;0.0;0.699999988079071;0.2142857313156128;0.3684210777282715;0.529411792755127;0.7142857313156128;0.0
0.9466666579246521;1.0;0.2916666865348816;0.17777776718139648;0.22727274894714355;0.12195122241973877;0.1538461446762085;0.0
0.800000011920929;1.0;0.1111111044883728;0.19999998807907104;0.10000002384185791;0.19354838132858276;0.09375;0.0
1.0;0.0;0.6000000238418579;0.699999988079071;0.6000000238418579;0.6111111044883728;0.7058823108673096;0.0
0.75;1.0;0.7777777910232544;1.0;1.0;1.0;0.1764705777168274;1.0
0.7333332896232605;1.0;0.1388888955116272;0.238095223903656;0.1860465407371521;0.25;0.238095223903656;0.0
1.0;0.0;0.75;0.5333333015441895;0.29411762952804565;0.3333333134651184;0.4285714030265808;0.0
0.949999988079071;1.0;0.6666666269302368;0.3095238208770752;0.21875;0.17241376638412476;0.22580647468566895;1.0
1.0;0.0;0.2916666865348816;0.9090908765792847;0.75;0.7142857313156128;0.3125;0.0
1.0;0.0;0.550000011920929;0.3571428656578064;0.8333333134651184;0.0;0.0;0.0
1.0;0.0;0.0;0.550000011920929;0.6875;0.625;0.238095223903656;0.0
1.0;0.0;0.8571428656578064;0.4516128897666931;0.5263158082962036;0.2777777910232544;0.6190476417541504;0.0
1.0;1.0;0.21052628755569458;0.1836734414100647;0.19354838132858276;0.17142856121063232;0.19999998807907104;0.0
1.0;1.0;0.9333333373069763;0.8666666746139526;0.8666666746139526;0.6000000238418579;0.6000000238418579;0.0
1.0;0.0;0.75;0.6666666269302368;0.4444444179534912;0.7647058963775635;0.7142857313156128;0.0
1.0;1.0;1.0;1.0;1.0;1.0;1.0;1.0
1.0;1.0;0.6296296119689941;0.6969696879386902;0.6071428656578064;0.615384578704834;0.192307710647583;1.0
1.0;0.0;0.5;0.25;0.3636363744735718;0.5714285373687744;0.4285714030265808;0.0
1.0;0.0;0.75;0.75;0.6875;0.5;0.800000011920929;0.0
1.0;0.0;0.5454545021057129;0.8571428656578064;0.75;0.5;0.8125;0.0
0.3047619163990021;1.0;0.8999999761581421;0.8888888955116272;0.1904761791229248;0.22580647468566895;0.18965518474578857;0.0
1.0;0.0;0.5714285373687744;0.2857142686843872;0.3333333134651184;0.5714285373687744;0.6000000238418579;0.0
1.0;0.0;0.875;0.4838709831237793;0.4736841917037964;0.4166666865348816;0.523809552192688;0.0
1.0;0.0;0.782608687877655;0.9333333373069763;0.4166666865348816;0.31481480598449707;0.4375;0.0
1.0;0.0;0.800000011920929;0.6000000238418579;0.6666666269302368;0.550000011920929;0.4736841917037964;0.0
1.0;0.0;0.8125;0.6190476417541504;0.3333333134651184;0.5;0.5714285373687744;0.0
1.0;0.0;0.6315789222717285;0.5833333730697632;0.52173912525177;0.46666663885116577;0.5714285373687744;0.0
1.0;1.0;0.7692307829856873;0.6363636255264282;0.6666666269302368;0.6666666269302368;0.615384578704834;1.0
0.6346154808998108;1.0;1.0;0.1764705777168274;0.2142857313156128;0.12000000476837158;0.1428571343421936;0.0
1.0;0.0;0.5833333730697632;0.6666666269302368;0.6363636255264282;0.5833333730697632;0.5714285373687744;0.0
1.0;0.0;0.4583333134651184;0.9090908765792847;0.3500000238418579;0.4375;0.375;0.0
0.75;1.0;0.2222222089767456;0.0952380895614624;0.1666666865348816;0.1388888955116272;0.2777777910232544;0.0
1.0;1.0;0.5;0.2857142686843872;0.75;0.6129032373428345;0.19999998807907104;1.0
0.5122222304344177;1.0;0.08695650100708008;0.1904761791229248;0.1071428656578064;0.22580647468566895;0.20408165454864502;0.0
0.6000000238418579;0.9444444179534912;0.38235294818878174;0.022727251052856445;0.3030303120613098;0.3965517282485962;0.14705884456634521;0.0
1.0;0.0;0.5454545021057129;0.7857142686843872;0.5;0.4444444179534912;0.692307710647583;0.0
1.0;0.0;0.739130437374115;0.8571428656578064;0.9090908765792847;0.7647058963775635;0.523809552192688;0.0
0.7166666984558105;1.0;0.24000000953674316;0.23076921701431274;0.06451612710952759;0.192307710647583;0.18421053886413574;0.0
0.7333333492279053;0.0;0.5;0.800000011920929;0.5;0.9090908765792847;0.5333333015441895;0.0
1.0;0.0;0.29629629850387573;0.6666666269302368;0.42105263471603394;0.44999998807907104;0.692307710647583;0.0
0.6333333253860474;1.0;0.1521739363670349;0.21739131212234497;0.2083333134651184;0.24444442987442017;0.17777776718139648;0.0
0.6666666865348816;0.0;0.3500000238418579;0.6129032373428345;0.6315789222717285;0.5;0.6333333253860474;0.0
1.0;0.0;0.29629629850387573;0.6000000238418579;0.47058820724487305;0.6000000238418579;0.6428571343421936;0.0
1.0;0.0;0.307692289352417;0.6086956262588501;0.47058820724487305;0.8461538553237915;0.7142857313156128;0.0
1.0;0.0;0.4166666865348816;0.695652186870575;0.8235294222831726;0.45454543828964233;0.8421052694320679;0.0
1.0;0.0;0.3999999761581421;0.7333333492279053;0.6666666269302368;0.6470588445663452;0.7368420958518982;0.0
0.6666666865348816;0.0;0.5;0.6666666269302368;0.3529411554336548;0.5555555820465088;0.7894736528396606;0.0
0.800000011920929;0.0;0.5;0.2857142686843872;0.3333333134651184;0.2222222089767456;0.1785714030265808;0.0
0.7142857313156128;1.0;0.20689654350280762;0.13333332538604736;0.18421053886413574;0.1794871687889099;0.17500001192092896;0.0
0.8888888359069824;0.0;0.7142857313156128;0.699999988079071;0.5;0.6363636255264282;0.7647058963775635;0.0
1.0;0.0;0.6428571343421936;0.5384615659713745;0.5454545021057129;0.22580647468566895;0.2857142686843872;0.0
0.7583333849906921;1.0;0.25;0.05555558204650879;0.03448277711868286;0.1538461446762085;0.10256409645080566;0.0
0.8333333134651184;0.0;0.5555555820465088;0.30434781312942505;0.2666666507720947;0.09090906381607056;0.5882352590560913;0.0
0.7124999761581421;1.0;0.23076921701431274;0.20454543828964233;0.125;0.1818181872367859;0.19999998807907104;0.0
1.0;0.0;0.307692289352417;0.6666666269302368;0.5833333730697632;0.42105263471603394;0.5;0.0
0.6000000238418579;1.0;0.21739131212234497;0.13157892227172852;0.1666666865348816;0.125;0.1875;0.0
1.0;0.0;0.75;0.7142857313156128;0.5;0.4117646813392639;0.761904776096344;0.0
0.8100000619888306;1.0;0.2222222089767456;0.19999998807907104;0.2250000238418579;0.19354838132858276;0.1499999761581421;0.0
1.0;0.0;0.4375;0.5;0.46666663885116577;0.529411792755127;0.6111111044883728;0.0
1.0;0.0;0.75;0.476190447807312;0.550000011920929;0.3500000238418579;0.5625;0.0
1.0;0.0;0.27272725105285645;0.6666666269302368;0.6428571343421936;0.699999988079071;0.6666666269302368;0.0
1.0;0.0;0.7666666507720947;0.6000000238418579;0.8571428656578064;0.6363636255264282;0.761904776096344;0.0
1.0;0.0;0.36666667461395264;0.5454545021057129;0.238095223903656;0.7272727489471436;0.4285714030265808;0.0
1.0;0.0;0.6315789222717285;0.75;0.695652186870575;0.6818181872367859;0.44999998807907104;0.0
1.0;0.0;0.5833333730697632;0.4516128897666931;0.4736841917037964;0.29411762952804565;0.6666666269302368;0.0
1.0;0.0;0.23333334922790527;0.5333333015441895;0.6111111044883728;0.9090908765792847;0.7368420958518982;0.0
1.0;0.0;0.7692307829856873;0.6785714626312256;0.4117646813392639;0.5909091234207153;0.5;0.0
1.0;0.0;0.4615384340286255;0.6842105388641357;0.5882352590560913;0.8181818127632141;0.6499999761581421;0.0
1.0;0.0;0.7407407760620117;0.4736841917037964;0.6666666269302368;0.5;0.30000001192092896;0.0
1.0;0.0;0.875;0.7777777910232544;0.47058820724487305;0.7058823108673096;0.7142857313156128;0.0
1.0;0.0;0.3333333134651184;0.3333333134651184;0.47058820724487305;0.3636363744735718;0.42105263471603394;0.0
0.6000000238418579;0.9444444179534912;0.22580647468566895;0.17391306161880493;0.0;0.17391306161880493;0.05882352590560913;0.0
1.0;1.0;0.476190447807312;0.4285714030265808;0.44117647409439087;0.36666667461395264;0.23728811740875244;1.0
1.0;0.0;0.625;0.75;0.3999999761581421;0.7058823108673096;0.5;0.0
1.0;0.0;0.6666666269302368;0.7368420958518982;0.8333333134651184;0.8181818127632141;0.5666666626930237;0.0
0.5333333611488342;0.0;0.5769230723381042;0.782608687877655;0.4285714030265808;0.615384578704834;0.47826087474823;0.0
0.6666666865348816;0.0;0.7599999904632568;0.45454543828964233;0.5454545021057129;0.5;0.22727274894714355;0.0
1.0;0.0;0.0;0.6000000238418579;0.8181818127632141;0.5714285373687744;0.523809552192688;0.0
0.5333333611488342;0.0;0.5555555820465088;0.4736841917037964;0.75;0.44999998807907104;0.3913043737411499;0.0
1.0;0.0;0.6666666269302368;0.4444444179534912;0.5555555820465088;0.2222222089767456;0.1428571343421936;0.0
1.0;0.0;0.5;0.7857142686843872;0.5263158082962036;0.2222222089767456;0.4615384340286255;0.0
1.0;0.0;0.3684210777282715;0.4838709831237793;0.7083333730697632;0.09259259700775146;0.4166666865348816;0.0
1.0;0.0;0.8571428656578064;0.5909091234207153;0.6363636255264282;0.782608687877655;0.8181818127632141;0.0
1.0;0.0;0.6363636255264282;0.800000011920929;0.47058820724487305;0.3333333134651184;0.625;0.0
1.0;0.0;0.6363636255264282;0.4285714030265808;0.6315789222717285;0.25;0.75;0.0
1.0;1.0;1.0;0.9791666865348816;0.9736841917037964;0.3571428656578064;0.5352112650871277;1.0
0.7200000286102295;1.0;0.23255813121795654;0.1904761791229248;0.192307710647583;0.24137932062149048;0.21276593208312988;0.0
1.0;0.0;0.375;0.8333333134651184;0.800000011920929;0.5833333730697632;0.3125;0.0
1.0;1.0;1.0;1.0;1.0;0.8333333134651184;1.0;1.0
1.0;0.0;0.5652173757553101;0.8571428656578064;0.8333333134651184;0.4117646813392639;0.6666666269302368;0.0
1.0;0.0;0.8333333134651184;0.260869562625885;0.6666666269302368;0.8461538553237915;0.523809552192688;0.0
1.0;1.0;0.8421052694320679;0.8333333134651184;0.8947368264198303;0.8333333134651184;0.8888888955116272;1.0
1.0;0.0;0.6363636255264282;0.8181818127632141;0.4375;0.3125;0.8333333134651184;0.0
0.6666666865348816;0.0;0.6499999761581421;0.46666663885116577;0.7058823108673096;0.3888888955116272;0.7368420958518982;0.0
1.0;0.0;0.3478260636329651;0.4285714030265808;0.5263158082962036;0.529411792755127;0.6190476417541504;0.0
0.6666666865348816;0.0;0.6499999761581421;0.6000000238418579;0.7058823108673096;0.7272727489471436;0.8500000238418579;0.0
1.0;0.0;0.2916666865348816;0.32258063554763794;0.800000011920929;0.7142857313156128;0.7142857313156128;0.0
1.0;0.0;0.4615384340286255;0.6086956262588501;0.6842105388641357;0.307692289352417;0.5454545021057129;0.0
1.0;0.0;0.8999999761581421;0.8333333134651184;0.5882352590560913;0.75;0.2777777910232544;0.0
0.9333333373069763;1.0;0.9428571462631226;1.0;0.9166666865348816;0.9523809552192688;0.9130434989929199;1.0
1.0;0.0;0.8461538553237915;0.7368420958518982;0.7058823108673096;0.5833333730697632;0.800000011920929;0.0
1.0;0.0;0.5714285373687744;0.3571428656578064;0.6315789222717285;0.5714285373687744;0.8333333134651184;0.0
1.0;0.0;0.9090908765792847;0.7857142686843872;0.4166666865348816;0.2222222089767456;0.5625;0.0
0.7333333492279053;1.0;0.21212118864059448;0.15625;0.22580647468566895;0.1690140962600708;0.18309861421585083;0.0
1.0;0.0;0.9230769276618958;0.6666666269302368;0.6666666269302368;0.4117646813392639;0.5714285373687744;0.0
0.550000011920929;1.0;0.8333333134651184;0.8421052694320679;0.9230769276618958;1.0;0.8823529481887817;1.0
0.6666666865348816;0.0;0.6499999761581421;0.6666666269302368;0.3529411554336548;0.3888888955116272;0.42105263471603394;0.0
0.800000011920929;0.0;0.375;0.5714285373687744;0.3333333134651184;0.2666666507720947;0.3333333134651184;0.0
1.0;0.0;1.0;1.0;1.0;1.0;1.0;1.0
1.0;0.0;0.8888888955116272;0.6666666269302368;0.9411764740943909;0.5;0.3333333134651184;0.0
1.0;0.0;0.6875;0.5714285373687744;0.3999999761581421;0.529411792755127;0.6666666269302368;0.0
1.0;0.0;0.7857142686843872;0.7368420958518982;0.7058823108673096;0.3181818127632141;0.699999988079071;0.0
1.0;0.0;0.6875;0.6666666269302368;0.3333333134651184;0.3888888955116272;0.625;0.0
1.0;1.0;1.0;1.0;0.9333333373069763;1.0;0.8999999761581421;1.0
1.0;0.0;0.8181818127632141;0.9090908765792847;0.5;0.7272727489471436;0.5;0.0
1.0;0.0;0.9166666865348816;0.7857142686843872;0.6315789222717285;0.1111111044883728;0.375;0.0
0.5181818604469299;1.0;0.1794871687889099;0.2448979616165161;0.1111111044883728;0.1818181872367859;0.10344827175140381;0.0
1.0;0.0;0.5;0.739130437374115;0.8235294222831726;0.5909091234207153;0.550000011920929;0.0
1.0;0.0;0.6666666269302368;0.6363636255264282;0.5;0.08333331346511841;0.5333333015441895;0.0
0.8041666746139526;1.0;0.09090906381607056;0.17500001192092896;0.07407408952713013;0.06896549463272095;0.1111111044883728;0.0
1.0;0.0;0.3333333134651184;0.45454543828964233;0.6875;0.7142857313156128;1.0;0.0
1.0;0.0;0.4285714030265808;0.7857142686843872;0.75;0.3888888955116272;0.8571428656578064;0.0
0.33714285492897034;1.0;1.0;1.0;1.0;0.12903225421905518;0.17391306161880493;0.0
0.5666666626930237;1.0;1.0;1.0;1.0;1.0;1.0;1.0
0.7999999523162842;1.0;0.24074071645736694;0.18867921829223633;0.1666666865348816;0.2112675905227661;0.1463414430618286;0.0
1.0;0.0;0.4615384340286255;0.6666666269302368;0.6363636255264282;0.3684210777282715;0.5;0.0
1.0;0.0;0.5652173757553101;0.6666666269302368;0.6000000238418579;0.4117646813392639;0.3809523582458496;0.0
0.6150000095367432;1.0;0.21875;0.1666666865348816;0.18333333730697632;0.22580647468566895;0.15625;0.0
1.0;0.0;0.625;0.8571428656578064;0.6666666269302368;0.7857142686843872;0.529411792755127;0.0
0.800000011920929;0.0;0.4615384340286255;0.6363636255264282;0.3636363744735718;0.05263155698776245;0.625;0.0
1.0;0.0;0.5833333730697632;0.7857142686843872;0.8421052694320679;0.800000011920929;0.8333333134651184;0.0
0.7400000095367432;1.0;0.260869562625885;0.27272725105285645;0.1860465407371521;0.17073172330856323;0.0952380895614624;0.0
1.0;0.0;0.8181818127632141;0.761904776096344;0.7142857313156128;0.5;0.3999999761581421;0.0
1.0;1.0;1.0;1.0;1.0;1.0;1.0;1.0
1.0;0.0;0.550000011920929;0.9166666865348816;0.45454543828964233;0.5714285373687744;0.7272727489471436;0.0
1.0;1.0;0.2142857313156128;0.24390244483947754;0.10256409645080566;0.44117647409439087;0.5600000023841858;0.0
0.75;1.0;0.18918919563293457;0.3243243098258972;0.14705884456634521;0.19999998807907104;0.22641509771347046;0.0
1.0;0.0;0.6363636255264282;0.7272727489471436;0.3888888955116272;0.625;0.3333333134651184;0.0
0.6625000238418579;1.0;0.13157892227172852;0.1428571343421936;0.24137932062149048;0.17391306161880493;0.1666666865348816;0.0
1.0;1.0;1.0;1.0;1.0;1.0;0.8823529481887817;1.0
1.0;0.0;0.800000011920929;0.695652186870575;0.8823529481887817;0.7272727489471436;0.7083333730697632;0.0
0.8999999761581421;1.0;0.442307710647583;0.239130437374115;0.23333334922790527;0.17073172330856323;0.12195122241973877;0.0
1.0;0.0;0.8999999761581421;0.6363636255264282;0.6000000238418579;0.8181818127632141;0.4444444179534912;0.0
0.7222222685813904;0.0;0.875;0.8095238208770752;0.5714285373687744;0.6428571343421936;0.47826087474823;0.0
1.0;1.0;0.8461538553237915;0.6521738767623901;0.7200000286102295;0.5;0.7894736528396606;1.0
1.0;1.0;1.0;1.0;1.0;1.0;0.875;1.0
0.949999988079071;1.0;0.9375;0.9473684430122375;1.0;1.0;1.0;1.0
1.0;1.0;0.19999998807907104;0.19999998807907104;0.19999998807907104;0.19999998807907104;0.2142857313156128;0.0
1.0;1.0;0.75;0.1666666865348816;0.1818181872367859;0.0;0.0;0.0
1.0;0.0;0.5;0.6000000238418579;0.29411762952804565;0.6000000238418579;0.5;0.0
0.6033333539962769;1.0;0.26923078298568726;0.16949152946472168;0.23076921701431274;0.25806450843811035;0.11627906560897827;0.0
0.6666666865348816;0.0;0.6000000238418579;0.8571428656578064;0.5;0.699999988079071;0.2666666507720947;0.0
1.0;0.0;0.75;0.125;0.6666666269302368;0.18518519401550293;0.1785714030265808;0.0
0.699999988079071;1.0;0.23529410362243652;0.162162184715271;0.1785714030265808;0.22857141494750977;0.1428571343421936;0.0
1.0;0.0;0.06666666269302368;0.550000011920929;0.6363636255264282;0.5;0.2857142686843872;0.0
1.0;0.0;0.6666666269302368;0.260869562625885;0.5333333015441895;0.7272727489471436;0.47058820724487305;0.0
1.0;0.0;0.7777777910232544;0.6363636255264282;0.375;0.5555555820465088;0.625;0.0
0.949999988079071;1.0;0.9230769276618958;1.0;1.0;1.0;1.0;1.0
1.0;0.0;0.5789473652839661;0.5833333730697632;0.52173912525177;0.4166666865348816;0.5625;0.0
1.0;0.0;1.0;1.0;1.0;1.0;1.0;1.0
1.0;0.0;0.75;0.4444444179534912;0.5882352590560913;0.5;0.6842105388641357;0.0
0.8799999356269836;1.0;1.0;0.9285714030265808;1.0;0.8888888955116272;1.0;1.0
1.0;0.0;0.2799999713897705;0.8181818127632141;0.7272727489471436;0.3571428656578064;0.22727274894714355;0.0
1.0;0.0;0.04166668653488159;0.5;0.550000011920929;0.875;0.7142857313156128;0.0
1.0;0.0;0.550000011920929;0.8333333134651184;0.6363636255264282;0.875;0.5454545021057129;0.0
1.0;0.0;0.5;0.4444444179534912;0.29411762952804565;0.1818181872367859;0.31578946113586426;0.0
1.0;1.0;1.0;1.0;1.0;0.9795918464660645;1.0;1.0
1.0;0.0;0.6666666269302368;0.5384615659713745;0.45454543828964233;0.5806452035903931;0.38461536169052124;0.0
0.75;1.0;0.7777777910232544;1.0;1.0;1.0;0.1764705777168274;1.0
1.0;0.0;0.5;0.5652173757553101;0.8571428656578064;0.5384615659713745;0.7857142686843872;0.0
0.6599999666213989;1.0;0.2222222089767456;0.1764705777168274;0.17391306161880493;0.07692307233810425;0.0;0.0
1.0;0.0;0.47826087474823;0.7857142686843872;0.5;0.47058820724487305;0.4285714030265808;0.0
1.0;0.0;0.7777777910232544;0.7272727489471436;0.875;0.8333333134651184;0.3333333134651184;0.0
1.0;0.0;0.75;0.7777777910232544;0.47058820724487305;0.7272727489471436;0.6842105388641357;0.0
0.6333333253860474;1.0;0.41428571939468384;0.1086956262588501;0.1764705777168274;0.1525423526763916;0.0;0.0
1.0;0.0;0.5;0.7272727489471436;0.6470588445663452;0.22727274894714355;0.5789473652839661;0.0
1.0;0.0;0.6666666269302368;0.4285714030265808;0.7894736528396606;0.4444444179534912;0.4615384340286255;0.0
0.7200000286102295;1.0;0.3333333134651184;0.3333333134651184;0.3333333134651184;0.6666666269302368;0.6666666269302368;0.0
1.0;0.0;0.8461538553237915;0.7777777910232544;0.7272727489471436;0.6315789222717285;0.875;0.0
1.0;0.0;0.23076921701431274;0.6086956262588501;0.6428571343421936;0.7222222089767456;0.8461538553237915;0.0
1.0;0.0;0.625;0.17391306161880493;0.3333333134651184;0.25925928354263306;0.2857142686843872;0.0
0.8452380895614624;1.0;0.849056601524353;0.8510638475418091;0.6833333373069763;0.418181836605072;0.5192307829856873;0.0
1.0;1.0;1.0;1.0;1.0;1.0;0.8823529481887817;1.0
0.6666666865348816;0.0;0.4399999976158142;0.9090908765792847;0.22727274894714355;0.5714285373687744;0.40909093618392944;0.0
1.0;0.0;0.36666667461395264;0.4285714030265808;0.5714285373687744;0.3055555820465088;0.761904776096344;0.0
0.7047619223594666;1.0;0.23076921701431274;0.1836734414100647;0.20689654350280762;0.14705884456634521;0.13793104887008667;0.0
1.0;0.0;0.3333333134651184;0.5454545021057129;0.476190447807312;0.7272727489471436;0.761904776096344;0.0
1.0;0.0;0.8999999761581421;0.800000011920929;0.2666666507720947;0.3529411554336548;0.6470588445663452;0.0
0.8952381014823914;1.0;0.21212118864059448;0.2142857313156128;0.1600000262260437;0.19999998807907104;0.1538461446762085;0.0
1.0;0.0;0.5;0.4516128897666931;0.6315789222717285;0.7142857313156128;0.6666666269302368;0.0
1.0;0.0;0.5384615659713745;0.7777777910232544;0.6363636255264282;0.6315789222717285;0.5625;0.0
1.0;0.0;0.04166668653488159;0.5;0.550000011920929;0.875;0.7142857313156128;0.0
1.0;0.0;0.3461538553237915;0.7692307829856873;0.6363636255264282;0.4193548560142517;0.3636363744735718;0.0
0.949999988079071;1.0;0.21212118864059448;0.20689654350280762;0.21568626165390015;0.19999998807907104;0.1521739363670349;0.0
1.0;0.0;0.30000001192092896;0.7857142686843872;0.8181818127632141;0.7777777910232544;0.8461538553237915;0.0
1.0;0.0;0.43478262424468994;0.5;0.5;0.6470588445663452;0.476190447807312;0.0
0.8199999928474426;1.0;0.1904761791229248;0.27272725105285645;0.1627907156944275;0.12195122241973877;0.1428571343421936;0.0
0.800000011920929;0.9444444179534912;0.307692289352417;0.125;0.04000002145767212;0.0;0.07142859697341919;0.0
1.0;0.0;0.260869562625885;0.8571428656578064;0.800000011920929;0.7777777910232544;0.6190476417541504;0.0
1.0;0.0;0.75;0.7222222089767456;0.8947368264198303;0.1818181872367859;0.31578946113586426;0.0
1.0;0.0;0.9090908765792847;0.699999988079071;0.5;0.3055555820465088;0.8235294222831726;0.0
1.0;0.0;0.692307710647583;0.692307710647583;0.7272727489471436;0.7096774578094482;0.25;0.0
1.0;0.0;0.19999998807907104;0.800000011920929;0.75;0.6111111044883728;0.6842105388641357;0.0
1.0;0.0;0.8333333134651184;0.6666666269302368;0.7647058963775635;0.7727272510528564;0.5789473652839661;0.0
1.0;0.0;0.8181818127632141;0.7857142686843872;0.75;0.3055555820465088;0.8888888955116272;0.0
0.6666666865348816;0.0;0.800000011920929;0.6842105388641357;0.6666666269302368;0.529411792755127;0.6086956262588501;0.0
1.0;0.0;0.3999999761581421;0.7368420958518982;0.529411792755127;0.75;0.36666667461395264;0.0
0.800000011920929;0.0;0.4444444179534912;0.5454545021057129;0.3333333134651184;0.1111111044883728;0.5333333015441895;0.0
1.0;0.0;0.7142857313156128;0.09090906381607056;0.3333333134651184;0.2857142686843872;0.5454545021057129;0.0
1.0;0.0;0.7692307829856873;0.8500000238418579;0.3529411554336548;0.5;0.75;0.0
0.6666666865348816;0.0;0.7307692170143127;0.699999988079071;0.7058823108673096;0.7222222089767456;0.5789473652839661;0.0
0.6666666865348816;0.0;0.800000011920929;0.6333333253860474;0.6470588445663452;0.5;0.6000000238418579;0.0
1.0;0.0;0.46666663885116577;0.699999988079071;0.6111111044883728;0.0;0.4444444179534912;0.0
1.0;1.0;1.0;0.9230769276618958;0.8421052694320679;0.8235294222831726;1.0;1.0
1.0;0.0;0.37037038803100586;0.44999998807907104;0.75;0.550000011920929;0.529411792755127;0.0
1.0;0.0;0.5;0.375;0.4166666865348816;0.25925928354263306;0.25;0.0
0.875;1.0;0.5744680762290955;0.22727274894714355;0.1666666865348816;0.11688309907913208;0.19565218687057495;0.0
0.46666669845581055;1.0;0.9166666865348816;0.8421052694320679;0.8823529481887817;0.17142856121063232;0.09090906381607056;0.0
0.8791666626930237;1.0;0.75;0.75;0.7352941036224365;0.7333333492279053;0.7222222089767456;1.0
1.0;0.0;0.8333333134651184;0.7857142686843872;0.5263158082962036;0.3636363744735718;0.3333333134651184;0.0
0.5199999809265137;1.0;1.0;1.0;1.0;1.0;1.0;1.0
1.0;1.0;1.0;1.0;1.0;1.0;1.0;1.0
1.0;0.0;0.0;0.699999988079071;0.8181818127632141;0.4444444179534912;0.6190476417541504;0.0
1.0;1.0;0.9285714030265808;1.0;1.0;1.0;1.0;1.0
0.7199999690055847;1.0;0.22727274894714355;0.17073172330856323;0.20930230617523193;0.17073172330856323;0.24390244483947754;0.0
1.0;0.0;0.8181818127632141;0.6666666269302368;0.4583333134651184;0.3333333134651184;0.2291666865348816;0.0
1.0;0.0;0.800000011920929;0.6086956262588501;0.8571428656578064;0.7692307829856873;0.5789473652839661;0.0
0.41999998688697815;1.0;1.0;1.0;1.0;1.0;0.9473684430122375;1.0
0.8166666626930237;1.0;0.25;0.21212118864059448;0.25581395626068115;0.045454561710357666;0.25;0.0
1.0;1.0;0.260869562625885;0.17391306161880493;0.14754098653793335;0.18571430444717407;0.14754098653793335;0.0
0.6800000071525574;0.0;0.6086956262588501;0.7368420958518982;0.6000000238418579;0.529411792755127;0.695652186870575;0.0
1.0;0.0;0.7142857313156128;0.782608687877655;0.6000000238418579;0.6470588445663452;0.7058823108673096;0.0
1.0;0.0;0.48000001907348633;0.7857142686843872;0.7727272510528564;0.2857142686843872;0.27272725105285645;0.0
1.0;0.0;0.800000011920929;0.6666666269302368;0.3809523582458496;0.550000011920929;0.4285714030265808;0.0
1.0;0.0;0.6666666269302368;0.3333333134651184;0.9166666865348816;0.0;0.0;0.0
1.0;0.0;0.5384615659713745;0.6774193644523621;0.31578946113586426;0.7142857313156128;0.3809523582458496;0.0
0.7511904239654541;1.0;0.8421052694320679;0.0;0.0;0.0;0.0;1.0
1.0;0.0;0.8571428656578064;0.7142857313156128;0.5625;0.2777777910232544;0.38461536169052124;0.0
1.0;0.0;0.875;0.5454545021057129;0.7894736528396606;0.5555555820465088;0.38461536169052124;0.0
0.75;1.0;0.1458333134651184;0.1304348111152649;0.1764705777168274;0.3181818127632141;0.1666666865348816;0.0
1.0;1.0;0.8846153616905212;0.7272727489471436;0.7777777910232544;0.75;0.692307710647583;1.0
1.0;0.0;0.625;0.1818181872367859;0.4166666865348816;0.18518519401550293;0.2142857313156128;0.0
1.0;0.0;0.8999999761581421;0.7894736528396606;0.4583333134651184;0.18518519401550293;0.5208333730697632;0.0
1.0;0.0;0.3913043737411499;0.7857142686843872;0.5882352590560913;0.7058823108673096;0.238095223903656;0.0
0.8541666269302368;1.0;0.12820512056350708;0.16326528787612915;0.04166668653488159;0.12121212482452393;0.13793104887008667;0.0
1.0;0.0;0.4166666865348816;0.9090908765792847;0.5;0.6363636255264282;0.8888888955116272;0.0
0.9333333373069763;1.0;0.25;0.1818181872367859;0.20930230617523193;0.1666666865348816;0.2222222089767456;0.0
1.0;0.0;0.8571428656578064;0.5714285373687744;0.5555555820465088;0.5555555820465088;0.7222222089767456;0.0
0.6499999761581421;1.0;0.08571428060531616;0.21875;0.1428571343421936;0.10810810327529907;1.0;0.0
1.0;0.0;0.625;0.6363636255264282;0.4117646813392639;0.4166666865348816;0.7142857313156128;0.0
0.8666666746139526;1.0;0.699999988079071;0.6666666269302368;0.7647058963775635;0.6666666269302368;0.75;1.0
1.0;0.0;0.6315789222717285;0.7894736528396606;0.6666666269302368;0.40740740299224854;0.4166666865348816;0.0
1.0;1.0;1.0;1.0;1.0;1.0;1.0;0.0
1.0;0.0;0.4583333134651184;0.9090908765792847;0.3500000238418579;0.4375;0.375;0.0
1.0;0.0;0.40740740299224854;0.6428571343421936;0.6666666269302368;0.5;0.5625;0.0
1.0;0.0;0.615384578704834;0.3333333134651184;0.6875;0.5454545021057129;0.5384615659713745;0.0
0.9333333373069763;1.0;0.9142857193946838;0.75;0.9166666865348816;0.8571428656578064;0.9130434989929199;1.0
0.6666666865348816;0.0;0.550000011920929;0.46666663885116577;0.7058823108673096;0.4444444179534912;0.7894736528396606;0.0
1.0;0.0;0.699999988079071;0.3333333134651184;0.75;0.6363636255264282;0.2631579041481018;0.0
1.0;0.0;0.7777777910232544;0.4285714030265808;0.5714285373687744;0.75;0.6000000238418579;0.0
1.0;0.0;0.476190447807312;0.45454543828964233;0.8333333134651184;0.6363636255264282;0.2777777910232544;0.0
0.75;1.0;0.25641024112701416;0.07999998331069946;0.2857142686843872;0.05882352590560913;0.22857141494750977;0.0
1.0;0.0;0.06666666269302368;0.30000001192092896;0.5789473652839661;0.8888888955116272;0.5714285373687744;0.0
1.0;0.0;0.8888888955116272;0.875;0.375;0.6666666269302368;0.5333333015441895;0.0
0.800000011920929;1.0;1.0;0.11764705181121826;0.22727274894714355;0.08163267374038696;0.06060606241226196;0.0
1.0;0.0;0.5555555820465088;0.2222222089767456;0.4444444179534912;0.4285714030265808;0.30000001192092896;0.0
1.0;0.0;0.8999999761581421;0.4285714030265808;0.4117646813392639;0.5882352590560913;0.3571428656578064;0.0
1.0;0.0;0.5;0.3636363744735718;0.8333333134651184;0.4166666865348816;0.7857142686843872;0.0
1.0;0.0;1.0;0.3888888955116272;0.7777777910232544;0.7058823108673096;0.75;0.0
