elemento1;elemento2;duplicata;title;artist;track01;track02;track03
7653;7852;1.0;0.75;1.0;0.7777777910232544;1.0;1.0;1.0;1.0
7653;8029;1.0;0.75;1.0;0.7777777910232544;1.0;1.0;1.0;1.0
10383;7653;1.0;0.75;1.0;0.7777777910232544;1.0;1.0;1.0;1.0
10230;7653;1.0;0.7166666984558105;1.0;0.7777777910232544;0.8666666746139526;0.875;0.8666666746139526;0.875
6858;7653;1.0;0.6166666746139526;1.0;0.7777777910232544;0.8666666746139526;0.875;0.8666666746139526;0.875
4441;8151;1.0;1.0;1.0;0.8846153616905212;0.7272727489471436;0.8333333134651184;0.7272727489471436;0.8333333134651184
3670;4441;1.0;1.0;1.0;0.8695652484893799;0.875;0.800000011920929;0.875;0.800000011920929
3670;8151;1.0;1.0;1.0;0.7692307829856873;0.6363636255264282;0.6666666269302368;0.6363636255264282;0.6666666269302368
7515;8151;1.0;1.0;1.0;0.8846153616905212;0.7272727489471436;0.7777777910232544;0.7272727489471436;0.7777777910232544
3670;7515;1.0;1.0;1.0;0.8695652484893799;0.875;0.8666666746139526;0.875;0.8666666746139526
4179;4732;1.0;1.0;1.0;0.8888888955116272;0.800000011920929;0.5;0.800000011920929;0.5
4179;4911;1.0;1.0;1.0;0.8888888955116272;0.800000011920929;0.5;0.800000011920929;0.5
2366;2367;1.0;0.8755555152893066;1.0;0.7333333492279053;0.8999999761581421;0.8999999761581421;0.8999999761581421;0.8999999761581421
6314;8464;1.0;1.0;1.0;0.8947368264198303;0.782608687877655;0.9032257795333862;0.782608687877655;0.9032257795333862
5360;8430;1.0;0.811904788017273;1.0;0.8461538553237915;0.9545454382896423;0.9090908765792847;0.9545454382896423;0.9090908765792847
7525;8995;1.0;1.0;1.0;0.625;0.8999999761581421;0.8571428656578064;0.8999999761581421;0.8571428656578064
7540;8823;1.0;1.0;1.0;0.8461538553237915;0.6521738767623901;0.7200000286102295;0.6521738767623901;0.7200000286102295
6382;7920;1.0;1.0;1.0;1.0;0.75;1.0;0.75;1.0
7794;8890;1.0;1.0;1.0;0.9696969985961914;0.75;1.0;0.75;1.0
7794;9063;1.0;0.9333333373069763;1.0;0.9142857193946838;0.75;0.9166666865348816;0.75;0.9166666865348816
6802;7794;1.0;0.9333333373069763;1.0;0.9142857193946838;0.75;0.9166666865348816;0.75;0.9166666865348816
10000;8664;1.0;1.0;1.0;0.875;0.7777777910232544;0.8285714387893677;0.7777777910232544;0.8285714387893677
1858;9637;1.0;1.0;0.0;1.0;1.0;1.0;1.0;1.0
7094;9189;1.0;0.7071428298950195;1.0;1.0;1.0;1.0;1.0;1.0
5025;9863;1.0;0.8857142925262451;1.0;0.75;0.8999999761581421;0.8888888955116272;0.8999999761581421;0.8888888955116272
2823;4684;1.0;1.0;1.0;0.8421052694320679;0.8333333134651184;0.8947368264198303;0.8333333134651184;0.8947368264198303
3792;8891;1.0;0.9166666865348816;1.0;0.800000011920929;0.8333333134651184;0.7692307829856873;0.8333333134651184;0.7692307829856873
6922;9161;1.0;1.0;1.0;0.8181818127632141;0.800000011920929;0.7142857313156128;0.800000011920929;0.7142857313156128
3383;6969;1.0;0.9333333373069763;1.0;0.800000011920929;0.9642857313156128;0.9333333373069763;0.9642857313156128;0.9333333373069763
103398;107056;0.0;1.0;0.0;0.7777777910232544;0.875;0.8333333134651184;0.875;0.8333333134651184
11455;5289;1.0;1.0;1.0;0.7647058963775635;0.692307710647583;0.4285714030265808;0.692307710647583;0.4285714030265808
2187;2418;1.0;1.0;0.0;1.0;1.0;1.0;1.0;1.0
2004;3710;1.0;1.0;0.0;1.0;1.0;1.0;1.0;1.0
7344;8291;1.0;1.0;1.0;0.7894736528396606;0.875;0.800000011920929;0.875;0.800000011920929
6547;6741;1.0;1.0;1.0;0.9285714030265808;0.800000011920929;0.8571428656578064;0.800000011920929;0.8571428656578064
7622;8349;1.0;1.0;1.0;0.9285714030265808;0.8235294222831726;0.9545454382896423;0.8235294222831726;0.9545454382896423
7288;7483;1.0;1.0;1.0;1.0;1.0;1.0;1.0;1.0
6102;9115;1.0;1.0;1.0;1.0;1.0;0.9523809552192688;1.0;0.9523809552192688
5664;8717;1.0;1.0;1.0;1.0;1.0;1.0;1.0;1.0
9327;9412;1.0;1.0;1.0;1.0;1.0;0.6499999761581421;1.0;0.6499999761581421
6919;8060;1.0;0.8999999761581421;1.0;1.0;1.0;1.0;1.0;1.0
6382;8494;1.0;0.9555556178092957;1.0;1.0;1.0;1.0;1.0;1.0
2188;8063;1.0;0.9599999785423279;1.0;1.0;1.0;1.0;1.0;1.0
10449;6162;1.0;1.0;1.0;1.0;1.0;1.0;1.0;1.0
7920;8494;1.0;0.9555556178092957;1.0;1.0;0.75;1.0;0.75;1.0
5010;5205;1.0;1.0;0.9444444179534912;0.8421052694320679;0.9166666865348816;0.8125;0.9166666865348816;0.8125
4184;6950;1.0;0.9750000238418579;1.0;0.75;0.8888888955116272;0.3333333134651184;0.8888888955116272;0.3333333134651184
4975;5889;1.0;1.0;1.0;1.0;0.8333333134651184;1.0;0.8333333134651184;1.0
5577;8990;1.0;1.0;1.0;1.0;0.9375;1.0;0.9375;1.0
3475;8592;1.0;0.9666666984558105;1.0;0.8888888955116272;1.0;0.8571428656578064;1.0;0.8571428656578064
10230;7852;1.0;0.9666666984558105;1.0;1.0;0.8666666746139526;0.875;0.8666666746139526;0.875
6858;7852;1.0;0.8666666746139526;1.0;1.0;0.8666666746139526;0.875;0.8666666746139526;0.875
10230;8029;1.0;0.9666666984558105;1.0;1.0;0.8666666746139526;0.875;0.8666666746139526;0.875
6858;8029;1.0;0.8666666746139526;1.0;1.0;0.8666666746139526;0.875;0.8666666746139526;0.875
10230;10383;1.0;0.9666666984558105;1.0;1.0;0.8666666746139526;0.875;0.8666666746139526;0.875
10383;6858;1.0;0.8666666746139526;1.0;1.0;0.8666666746139526;0.875;0.8666666746139526;0.875
10230;6858;1.0;0.8333333730697632;1.0;1.0;1.0;1.0;1.0;1.0
4586;7633;1.0;0.8999999761581421;1.0;1.0;0.9090908765792847;0.6000000238418579;0.9090908765792847;0.6000000238418579
10240;7367;1.0;1.0;1.0;0.9333333373069763;1.0;1.0;1.0;1.0
3192;7923;1.0;1.0;1.0;0.8999999761581421;1.0;1.0;1.0;1.0
4395;8725;1.0;1.0;1.0;0.8888888955116272;0.9333333373069763;1.0;0.9333333373069763;1.0
6948;7365;1.0;0.9375;1.0;1.0;0.9047619104385376;1.0;0.9047619104385376;1.0
6925;6926;1.0;0.9555556178092957;1.0;1.0;1.0;0.9655172228813171;1.0;0.9655172228813171
8890;9063;1.0;0.9333333373069763;1.0;0.9428571462631226;1.0;0.9166666865348816;1.0;0.9166666865348816
6802;8890;1.0;0.9333333373069763;1.0;0.9428571462631226;1.0;0.9166666865348816;1.0;0.9166666865348816
9333;9450;1.0;1.0;1.0;1.0;1.0;1.0;1.0;1.0
9348;9485;1.0;1.0;1.0;1.0;1.0;0.9411764740943909;1.0;0.9411764740943909
5477;9076;1.0;1.0;1.0;1.0;0.9333333373069763;1.0;0.9333333373069763;1.0
5477;8368;1.0;1.0;1.0;1.0;0.8666666746139526;1.0;0.8666666746139526;1.0
8368;9076;1.0;1.0;1.0;1.0;0.9333333373069763;1.0;0.9333333373069763;1.0
8609;9130;1.0;1.0;0.9444444179534912;1.0;1.0;1.0;1.0;1.0
4843;8794;1.0;1.0;1.0;1.0;0.8666666746139526;1.0;0.8666666746139526;1.0
4419;7644;1.0;1.0;1.0;1.0;0.9375;1.0;0.9375;1.0
102361;103634;0.0;1.0;1.0;0.9032257795333862;0.9032257795333862;0.9032257795333862;0.9032257795333862;0.9032257795333862
7123;9038;1.0;1.0;1.0;1.0;0.8421052694320679;0.7857142686843872;0.8421052694320679;0.7857142686843872
7980;9790;1.0;0.9809524416923523;1.0;0.9375;0.9523809552192688;0.7200000286102295;0.9523809552192688;0.7200000286102295
7604;9790;1.0;0.8698412775993347;1.0;0.875;0.8571428656578064;0.6000000238418579;0.8571428656578064;0.6000000238418579
7604;7980;1.0;0.8888888955116272;1.0;0.9375;0.9047619104385376;0.695652186870575;0.9047619104385376;0.695652186870575
11150;8901;1.0;1.0;1.0;1.0;1.0;1.0;1.0;1.0
9421;9489;1.0;1.0;1.0;1.0;0.8999999761581421;1.0;0.8999999761581421;1.0
7161;8131;1.0;0.9166666269302368;1.0;1.0;1.0;1.0;1.0;1.0
2813;3155;1.0;0.9333333373069763;1.0;0.9523809552192688;1.0;1.0;1.0;1.0
6740;9193;1.0;0.9750000238418579;1.0;1.0;1.0;0.8235294222831726;1.0;0.8235294222831726
5835;9278;1.0;1.0;1.0;1.0;1.0;1.0;1.0;1.0
6944;9868;1.0;1.0;1.0;1.0;0.9285714030265808;0.9166666865348816;0.9285714030265808;0.9166666865348816
6358;9694;1.0;0.949999988079071;1.0;0.9230769276618958;1.0;1.0;1.0;1.0
8344;9229;1.0;0.9666666984558105;1.0;1.0;1.0;1.0;1.0;1.0
3539;4190;1.0;1.0;1.0;1.0;0.9375;1.0;0.9375;1.0
4348;7170;1.0;0.824999988079071;1.0;0.8260869383811951;1.0;1.0;1.0;1.0
2807;7064;1.0;1.0;1.0;1.0;1.0;1.0;1.0;1.0
3529;4114;1.0;1.0;1.0;1.0;0.9523809552192688;1.0;0.9523809552192688;1.0
7363;8118;1.0;1.0;1.0;1.0;0.9090908765792847;0.7058823108673096;0.9090908765792847;0.7058823108673096
2406;7291;1.0;1.0;1.0;1.0;1.0;0.8823529481887817;1.0;0.8823529481887817
3159;9969;1.0;1.0;1.0;1.0;0.9791666865348816;0.9736841917037964;0.9791666865348816;0.9736841917037964
2577;2581;1.0;1.0;1.0;1.0;0.9333333373069763;0.1666666865348816;0.9333333373069763;0.1666666865348816
7859;9798;1.0;1.0;1.0;1.0;0.9230769276618958;0.8421052694320679;0.9230769276618958;0.8421052694320679
7037;7237;1.0;0.8571428656578064;1.0;0.9302325248718262;0.9117646813392639;1.0;0.9117646813392639;1.0
100170;100358;0.0;1.0;1.0;0.9333333373069763;0.8666666746139526;0.8666666746139526;0.8666666746139526;0.8666666746139526
10061;3517;1.0;1.0;1.0;0.9444444179534912;1.0;0.8999999761581421;1.0;0.8999999761581421
10301;6246;1.0;1.0;1.0;1.0;0.8571428656578064;1.0;0.8571428656578064;1.0
5238;8297;1.0;0.8545454740524292;1.0;1.0;0.8846153616905212;1.0;0.8846153616905212;1.0
6663;6665;1.0;1.0;1.0;0.9090908765792847;1.0;1.0;1.0;1.0
5394;5418;1.0;1.0;1.0;1.0;1.0;1.0;1.0;1.0
4895;9209;1.0;1.0;1.0;1.0;0.8571428656578064;0.7272727489471436;0.8571428656578064;0.7272727489471436
4613;6116;1.0;0.949999988079071;1.0;0.95652174949646;1.0;1.0;1.0;1.0
2619;6174;1.0;1.0;1.0;0.875;1.0;1.0;1.0;1.0
2427;8640;1.0;0.949999988079071;1.0;0.9375;0.9473684430122375;1.0;0.9473684430122375;1.0
9588;9811;1.0;1.0;1.0;1.0;0.875;1.0;0.875;1.0
6413;7975;1.0;0.8666666746139526;1.0;1.0;1.0;0.9285714030265808;1.0;0.9285714030265808
105098;105131;0.0;1.0;0.0;0.6000000238418579;0.699999988079071;0.5454545021057129;0.699999988079071;0.5454545021057129
103398;105131;0.0;1.0;0.0;0.6000000238418579;0.6000000238418579;0.6875;0.6000000238418579;0.6875
105131;105148;0.0;1.0;0.0;0.8666666746139526;0.3333333134651184;0.8333333134651184;0.3333333134651184;0.8333333134651184
105131;107056;0.0;1.0;0.0;0.46666663885116577;0.699999988079071;0.6111111044883728;0.699999988079071;0.6111111044883728
103398;105098;0.0;1.0;0.0;0.8888888955116272;0.875;0.375;0.875;0.375
105098;105148;0.0;1.0;0.0;0.692307710647583;0.2916666865348816;0.5;0.2916666865348816;0.5
105098;107056;0.0;1.0;0.0;0.7777777910232544;0.875;0.3333333134651184;0.875;0.3333333134651184
103398;105148;0.0;1.0;0.0;0.615384578704834;0.3333333134651184;0.6875;0.3333333134651184;0.6875
105148;107056;0.0;1.0;0.0;0.5384615659713745;0.3333333134651184;0.6111111044883728;0.3333333134651184;0.6111111044883728
6811;7429;1.0;0.8333333730697632;1.0;0.9130434989929199;1.0;1.0;1.0;1.0
100856;105518;0.0;1.0;0.0;0.550000011920929;0.3571428656578064;0.8333333134651184;0.3571428656578064;0.8333333134651184
101021;105518;0.0;1.0;0.0;0.6666666269302368;0.5555555820465088;0.7272727489471436;0.5555555820465088;0.7272727489471436
105518;108429;0.0;1.0;0.0;0.050000011920928955;0.25;0.8181818127632141;0.25;0.8181818127632141
104099;105518;0.0;1.0;0.0;0.5;0.1785714030265808;0.6363636255264282;0.1785714030265808;0.6363636255264282
104289;105518;0.0;0.6666666865348816;0.0;0.7200000286102295;0.45454543828964233;0.5;0.45454543828964233;0.5
104310;105518;0.0;1.0;0.0;0.695652186870575;0.3571428656578064;0.9090908765792847;0.3571428656578064;0.9090908765792847
102831;105518;0.0;1.0;0.0;0.6333333253860474;0.8333333134651184;0.523809552192688;0.8333333134651184;0.523809552192688
100558;105518;0.0;1.0;0.0;0.30000001192092896;0.3571428656578064;0.8181818127632141;0.3571428656578064;0.8181818127632141
104117;105518;0.0;1.0;0.0;0.7692307829856873;0.21739131212234497;0.7857142686843872;0.21739131212234497;0.7857142686843872
100717;105518;0.0;1.0;0.0;0.6666666269302368;0.3333333134651184;0.9166666865348816;0.3333333134651184;0.9166666865348816
102514;105518;0.0;1.0;0.0;0.6000000238418579;0.3571428656578064;0.5789473652839661;0.3571428656578064;0.5789473652839661
105076;105518;0.0;0.9166666269302368;0.0;0.550000011920929;0.45454543828964233;0.45454543828964233;0.45454543828964233;0.45454543828964233
102670;105518;0.0;1.0;0.0;0.3999999761581421;0.8333333134651184;0.5789473652839661;0.8333333134651184;0.5789473652839661
102477;105518;0.0;1.0;0.0;0.3500000238418579;0.45454543828964233;0.625;0.45454543828964233;0.625
104872;105518;0.0;1.0;0.0;0.44999998807907104;0.4166666865348816;0.6470588445663452;0.4166666865348816;0.6470588445663452
105518;2004;0.0;1.0;0.0;0.7916666865348816;0.5;0.550000011920929;0.5;0.550000011920929
105518;3710;0.0;1.0;0.0;0.7916666865348816;0.5;0.550000011920929;0.5;0.550000011920929
105518;107734;0.0;1.0;0.0;0.550000011920929;0.45454543828964233;0.6363636255264282;0.45454543828964233;0.6363636255264282
105349;105518;0.0;1.0;0.0;0.5;0.45454543828964233;0.8181818127632141;0.45454543828964233;0.8181818127632141
105518;109651;0.0;1.0;0.0;0.8095238208770752;1.0;0.75;1.0;0.75
103997;105518;0.0;1.0;0.0;0.8500000238418579;0.4166666865348816;1.0;0.4166666865348816;1.0
100856;101021;0.0;1.0;0.0;0.40740740299224854;0.6428571343421936;0.6666666269302368;0.6428571343421936;0.6666666269302368
100856;108429;0.0;1.0;0.0;0.0;0.699999988079071;0.9166666865348816;0.699999988079071;0.9166666865348816
100856;104099;0.0;1.0;0.0;0.9090908765792847;0.5;0.5;0.5;0.5
100856;104289;0.0;1.0;0.0;0.4399999976158142;0.7857142686843872;0.5454545021057129;0.7857142686843872;0.5454545021057129
100856;104310;0.0;1.0;0.0;0.47826087474823;0.8571428656578064;0.8333333134651184;0.8571428656578064;0.8333333134651184
100856;102831;0.0;1.0;0.0;0.36666667461395264;0.4285714030265808;0.5714285373687744;0.4285714030265808;0.5714285373687744
100558;100856;0.0;1.0;0.0;0.5454545021057129;0.8571428656578064;0.75;0.8571428656578064;0.75
100856;104117;0.0;1.0;0.0;0.42307692766189575;0.6086956262588501;0.8571428656578064;0.6086956262588501;0.8571428656578064
100717;100856;0.0;1.0;0.0;0.36666667461395264;0.800000011920929;0.8333333134651184;0.800000011920929;0.8333333134651184
100856;102514;0.0;1.0;0.0;0.9166666865348816;0.7857142686843872;0.6315789222717285;0.7857142686843872;0.6315789222717285
100856;105076;0.0;1.0;0.0;0.9090908765792847;0.7857142686843872;0.4166666865348816;0.7857142686843872;0.4166666865348816
100856;102670;0.0;1.0;0.0;0.6363636255264282;0.4285714030265808;0.6315789222717285;0.4285714030265808;0.6315789222717285
100856;102477;0.0;1.0;0.0;0.6363636255264282;0.7857142686843872;0.75;0.7857142686843872;0.75
100856;104872;0.0;1.0;0.0;0.8181818127632141;0.7857142686843872;0.7058823108673096;0.7857142686843872;0.7058823108673096
100856;2004;0.0;1.0;0.0;0.4583333134651184;0.7142857313156128;0.6000000238418579;0.7142857313156128;0.6000000238418579
100856;3710;0.0;1.0;0.0;0.4583333134651184;0.7142857313156128;0.6000000238418579;0.7142857313156128;0.6000000238418579
100856;107734;0.0;1.0;0.0;0.9090908765792847;0.7857142686843872;0.5833333730697632;0.7857142686843872;0.5833333730697632
100856;105349;0.0;1.0;0.0;0.8181818127632141;0.7857142686843872;0.75;0.7857142686843872;0.75
100856;109651;0.0;1.0;0.0;0.523809552192688;0.3571428656578064;0.8333333134651184;0.3571428656578064;0.8333333134651184
100856;103997;0.0;1.0;0.0;0.550000011920929;0.8571428656578064;0.8333333134651184;0.8571428656578064;0.8333333134651184
101021;108429;0.0;1.0;0.0;0.037037014961242676;0.44999998807907104;0.7272727489471436;0.44999998807907104;0.7272727489471436
101021;104099;0.0;1.0;0.0;0.37037038803100586;0.3214285969734192;0.6000000238418579;0.3214285969734192;0.6000000238418579
101021;104289;0.0;1.0;0.0;0.8518518209457397;0.8181818127632141;0.3636363744735718;0.8181818127632141;0.3636363744735718
101021;104310;0.0;1.0;0.0;0.8148148059844971;0.6428571343421936;0.800000011920929;0.6428571343421936;0.800000011920929
101021;102831;0.0;1.0;0.0;0.800000011920929;0.6666666269302368;0.3809523582458496;0.6666666269302368;0.3809523582458496
100558;101021;0.0;1.0;0.0;0.2222222089767456;0.6428571343421936;0.800000011920929;0.6428571343421936;0.800000011920929
101021;104117;0.0;1.0;0.0;0.8148148059844971;0.3913043737411499;0.5714285373687744;0.3913043737411499;0.5714285373687744
100717;101021;0.0;1.0;0.0;0.800000011920929;0.6000000238418579;0.6666666269302368;0.6000000238418579;0.6666666269302368
101021;102514;0.0;1.0;0.0;0.4444444179534912;0.6428571343421936;0.42105263471603394;0.6428571343421936;0.42105263471603394
101021;105076;0.0;1.0;0.0;0.40740740299224854;0.8181818127632141;0.625;0.8181818127632141;0.625
101021;102670;0.0;1.0;0.0;0.29629629850387573;0.6666666269302368;0.42105263471603394;0.6666666269302368;0.42105263471603394
101021;102477;0.0;1.0;0.0;0.25925928354263306;0.8181818127632141;0.5;0.8181818127632141;0.5
101021;104872;0.0;1.0;0.0;0.3333333134651184;0.75;0.47058820724487305;0.75;0.47058820724487305
101021;2004;0.0;1.0;0.0;0.7777777910232544;0.8999999761581421;0.3999999761581421;0.8999999761581421;0.3999999761581421
101021;3710;0.0;1.0;0.0;0.7777777910232544;0.8999999761581421;0.3999999761581421;0.8999999761581421;0.3999999761581421
101021;107734;0.0;1.0;0.0;0.40740740299224854;0.8181818127632141;0.875;0.8181818127632141;0.875
101021;105349;0.0;1.0;0.0;0.37037038803100586;0.8181818127632141;0.800000011920929;0.8181818127632141;0.800000011920929
101021;109651;0.0;1.0;0.0;0.7407407760620117;0.5555555820465088;0.6666666269302368;0.5555555820465088;0.6666666269302368
101021;103997;0.0;1.0;0.0;0.7037037014961243;0.75;0.7272727489471436;0.75;0.7272727489471436
104099;108429;0.0;1.0;0.0;0.0;0.7142857313156128;0.5454545021057129;0.7142857313156128;0.5454545021057129
104289;108429;0.0;0.6666666865348816;0.0;0.04000002145767212;0.550000011920929;0.5;0.550000011920929;0.5
104310;108429;0.0;1.0;0.0;0.04347825050354004;0.6499999761581421;0.8181818127632141;0.6499999761581421;0.8181818127632141
102831;108429;0.0;1.0;0.0;0.03333336114883423;0.30000001192092896;0.523809552192688;0.30000001192092896;0.523809552192688
100558;108429;0.0;1.0;0.0;0.0;0.699999988079071;0.8181818127632141;0.699999988079071;0.8181818127632141
104117;108429;0.0;1.0;0.0;0.03846156597137451;0.782608687877655;0.7857142686843872;0.782608687877655;0.7857142686843872
100717;108429;0.0;1.0;0.0;0.03333336114883423;0.6499999761581421;0.8333333134651184;0.6499999761581421;0.8333333134651184
102514;108429;0.0;1.0;0.0;0.06666666269302368;0.6499999761581421;0.5789473652839661;0.6499999761581421;0.5789473652839661
105076;108429;0.0;1.0;0.0;0.06666666269302368;0.550000011920929;0.45454543828964233;0.550000011920929;0.45454543828964233
102670;108429;0.0;1.0;0.0;0.06666666269302368;0.30000001192092896;0.5789473652839661;0.30000001192092896;0.5789473652839661
102477;108429;0.0;1.0;0.0;0.0;0.550000011920929;0.6875;0.550000011920929;0.6875
104872;108429;0.0;1.0;0.0;0.0;0.6000000238418579;0.6470588445663452;0.6000000238418579;0.6470588445663452
108429;2004;0.0;1.0;0.0;0.04166668653488159;0.5;0.550000011920929;0.5;0.550000011920929
108429;3710;0.0;1.0;0.0;0.04166668653488159;0.5;0.550000011920929;0.5;0.550000011920929
107734;108429;0.0;1.0;0.0;0.06666666269302368;0.550000011920929;0.6363636255264282;0.550000011920929;0.6363636255264282
105349;108429;0.0;1.0;0.0;0.06666666269302368;0.550000011920929;0.8181818127632141;0.550000011920929;0.8181818127632141
108429;109651;0.0;1.0;0.0;0.0476190447807312;0.25;0.9166666865348816;0.25;0.9166666865348816
103997;108429;0.0;1.0;0.0;0.0;0.6000000238418579;0.8181818127632141;0.6000000238418579;0.8181818127632141
104099;104289;0.0;1.0;0.0;0.3999999761581421;0.3928571343421936;0.3181818127632141;0.3928571343421936;0.3181818127632141
104099;104310;0.0;1.0;0.0;0.43478262424468994;0.5;0.5;0.5;0.5
102831;104099;0.0;1.0;0.0;0.3333333134651184;0.2142857313156128;0.3333333134651184;0.2142857313156128;0.3333333134651184
100558;104099;0.0;1.0;0.0;0.6000000238418579;0.5;0.6000000238418579;0.5;0.6000000238418579
104099;104117;0.0;1.0;0.0;0.38461536169052124;0.7142857313156128;0.5;0.7142857313156128;0.5
100717;104099;0.0;1.0;0.0;0.3333333134651184;0.5357142686843872;0.5833333730697632;0.5357142686843872;0.5833333730697632
102514;104099;0.0;1.0;0.0;0.8333333134651184;0.5;0.3684210777282715;0.5;0.3684210777282715
104099;105076;0.0;1.0;0.0;0.9090908765792847;0.3928571343421936;0.5;0.3928571343421936;0.5
102670;104099;0.0;1.0;0.0;0.699999988079071;0.2142857313156128;0.3684210777282715;0.2142857313156128;0.3684210777282715
102477;104099;0.0;1.0;0.0;0.699999988079071;0.3928571343421936;0.375;0.3928571343421936;0.375
104099;104872;0.0;1.0;0.0;0.8999999761581421;0.4285714030265808;0.4117646813392639;0.4285714030265808;0.4117646813392639
104099;2004;0.0;1.0;0.0;0.4166666865348816;0.3571428656578064;0.3500000238418579;0.3571428656578064;0.3500000238418579
104099;3710;0.0;1.0;0.0;0.4166666865348816;0.3571428656578064;0.3500000238418579;0.3571428656578064;0.3500000238418579
104099;107734;0.0;1.0;0.0;0.9090908765792847;0.3928571343421936;0.5;0.3928571343421936;0.5
104099;105349;0.0;1.0;0.0;0.8999999761581421;0.3928571343421936;0.6000000238418579;0.3928571343421936;0.6000000238418579
104099;109651;0.0;1.0;0.0;0.476190447807312;0.1785714030265808;0.5;0.1785714030265808;0.5
103997;104099;0.0;1.0;0.0;0.5;0.4285714030265808;0.6363636255264282;0.4285714030265808;0.6363636255264282
104289;104310;0.0;0.6666666865348816;0.0;0.800000011920929;0.7857142686843872;0.45454543828964233;0.7857142686843872;0.45454543828964233
102831;104289;0.0;1.0;0.0;0.7666666507720947;0.5454545021057129;0.8181818127632141;0.5454545021057129;0.8181818127632141
100558;104289;0.0;1.0;0.0;0.24000000953674316;0.7142857313156128;0.45454543828964233;0.7142857313156128;0.45454543828964233
104117;104289;0.0;1.0;0.0;0.807692289352417;0.47826087474823;0.6363636255264282;0.47826087474823;0.6363636255264282
100717;104289;0.0;1.0;0.0;0.7666666507720947;0.6666666269302368;0.5454545021057129;0.6666666269302368;0.5454545021057129
102514;104289;0.0;1.0;0.0;0.48000001907348633;0.7857142686843872;0.7727272510528564;0.7857142686843872;0.7727272510528564
104289;105076;0.0;0.6666666865348816;0.0;0.4399999976158142;0.9090908765792847;0.22727274894714355;0.9090908765792847;0.22727274894714355
102670;104289;0.0;1.0;0.0;0.3199999928474426;0.5454545021057129;0.7727272510528564;0.5454545021057129;0.7727272510528564
102477;104289;0.0;1.0;0.0;0.2799999713897705;0.8181818127632141;0.7272727489471436;0.8181818127632141;0.7272727489471436
104289;104872;0.0;0.6666666865348816;0.0;0.36000001430511475;0.8333333134651184;0.7727272510528564;0.8333333134651184;0.7727272510528564
104289;2004;0.0;0.6666666865348816;0.0;0.7599999904632568;0.9090908765792847;0.8181818127632141;0.9090908765792847;0.8181818127632141
104289;3710;0.0;0.6666666865348816;0.0;0.7599999904632568;0.9090908765792847;0.8181818127632141;0.9090908765792847;0.8181818127632141
104289;107734;0.0;0.6666666865348816;0.0;0.4399999976158142;0.8181818127632141;0.3181818127632141;0.8181818127632141;0.3181818127632141
104289;105349;0.0;0.6666666865348816;0.0;0.3999999761581421;1.0;0.45454543828964233;1.0;0.45454543828964233
104289;109651;0.0;0.6666666865348816;0.0;0.7599999904632568;0.45454543828964233;0.5454545021057129;0.45454543828964233;0.5454545021057129
103997;104289;0.0;1.0;0.0;0.7599999904632568;0.9166666865348816;0.5;0.9166666865348816;0.5
102831;104310;0.0;1.0;0.0;0.699999988079071;0.4285714030265808;0.476190447807312;0.4285714030265808;0.476190447807312
100558;104310;0.0;1.0;0.0;0.260869562625885;0.8571428656578064;0.800000011920929;0.8571428656578064;0.800000011920929
104117;104310;0.0;1.0;0.0;0.7692307829856873;0.6086956262588501;0.7142857313156128;0.6086956262588501;0.7142857313156128
100717;104310;0.0;1.0;0.0;0.699999988079071;0.800000011920929;0.8333333134651184;0.800000011920929;0.8333333134651184
102514;104310;0.0;1.0;0.0;0.52173912525177;0.9285714030265808;0.5263158082962036;0.9285714030265808;0.5263158082962036
104310;105076;0.0;1.0;0.0;0.47826087474823;0.7857142686843872;0.5;0.7857142686843872;0.5
102670;104310;0.0;1.0;0.0;0.3478260636329651;0.4285714030265808;0.5263158082962036;0.4285714030265808;0.5263158082962036
102477;104310;0.0;1.0;0.0;0.30434781312942505;0.7142857313156128;0.625;0.7142857313156128;0.625
104310;104872;0.0;1.0;0.0;0.3913043737411499;0.7857142686843872;0.5882352590560913;0.7857142686843872;0.5882352590560913
104310;2004;0.0;1.0;0.0;0.75;0.7142857313156128;0.5;0.7142857313156128;0.5
104310;3710;0.0;1.0;0.0;0.75;0.7142857313156128;0.5;0.7142857313156128;0.5
104310;107734;0.0;1.0;0.0;0.47826087474823;0.7142857313156128;0.699999988079071;0.7142857313156128;0.699999988079071
104310;105349;0.0;1.0;0.0;0.43478262424468994;0.7857142686843872;0.800000011920929;0.7857142686843872;0.800000011920929
104310;109651;0.0;1.0;0.0;0.782608687877655;0.3571428656578064;0.75;0.3571428656578064;0.75
103997;104310;0.0;1.0;0.0;0.739130437374115;0.8571428656578064;0.9090908765792847;0.8571428656578064;0.9090908765792847
100558;102831;0.0;1.0;0.0;0.19999998807907104;0.4285714030265808;0.476190447807312;0.4285714030265808;0.476190447807312
102831;104117;0.0;1.0;0.0;0.8333333134651184;0.260869562625885;0.6666666269302368;0.260869562625885;0.6666666269302368
100717;102831;0.0;1.0;0.0;0.8333333134651184;0.3999999761581421;0.5714285373687744;0.3999999761581421;0.5714285373687744
102514;102831;0.0;1.0;0.0;0.3999999761581421;0.4285714030265808;0.8095238208770752;0.4285714030265808;0.8095238208770752
102831;105076;0.0;1.0;0.0;0.36666667461395264;0.5454545021057129;0.238095223903656;0.5454545021057129;0.238095223903656
102670;102831;0.0;1.0;0.0;0.2666666507720947;1.0;0.761904776096344;1.0;0.761904776096344
102477;102831;0.0;1.0;0.0;0.23333334922790527;0.5454545021057129;0.7142857313156128;0.5454545021057129;0.7142857313156128
102831;104872;0.0;1.0;0.0;0.30000001192092896;0.5;0.8095238208770752;0.5;0.8095238208770752
102831;2004;0.0;1.0;0.0;0.7666666507720947;0.6000000238418579;0.8571428656578064;0.6000000238418579;0.8571428656578064
102831;3710;0.0;1.0;0.0;0.7666666507720947;0.6000000238418579;0.8571428656578064;0.6000000238418579;0.8571428656578064
102831;107734;0.0;1.0;0.0;0.36666667461395264;0.5454545021057129;0.3333333134651184;0.5454545021057129;0.3333333134651184
102831;105349;0.0;1.0;0.0;0.3333333134651184;0.5454545021057129;0.476190447807312;0.5454545021057129;0.476190447807312
102831;109651;0.0;1.0;0.0;0.699999988079071;0.8333333134651184;0.523809552192688;0.8333333134651184;0.523809552192688
102831;103997;0.0;1.0;0.0;0.6666666269302368;0.5;0.523809552192688;0.5;0.523809552192688
100558;104117;0.0;1.0;0.0;0.23076921701431274;0.6086956262588501;0.6428571343421936;0.6086956262588501;0.6428571343421936
100558;100717;0.0;1.0;0.0;0.19999998807907104;0.800000011920929;0.75;0.800000011920929;0.75
100558;102514;0.0;1.0;0.0;0.5;0.7857142686843872;0.5263158082962036;0.7857142686843872;0.5263158082962036
100558;105076;0.0;1.0;0.0;0.5454545021057129;0.7857142686843872;0.5;0.7857142686843872;0.5
100558;102670;0.0;1.0;0.0;0.75;0.4285714030265808;0.5263158082962036;0.4285714030265808;0.5263158082962036
100558;102477;0.0;1.0;0.0;0.8571428656578064;0.7142857313156128;0.5625;0.7142857313156128;0.5625
100558;104872;0.0;1.0;0.0;0.6666666269302368;0.8571428656578064;0.5882352590560913;0.8571428656578064;0.5882352590560913
100558;2004;0.0;1.0;0.0;0.25;0.7142857313156128;0.5;0.7142857313156128;0.5
100558;3710;0.0;1.0;0.0;0.25;0.7142857313156128;0.5;0.7142857313156128;0.5
100558;107734;0.0;1.0;0.0;0.5454545021057129;0.7142857313156128;0.699999988079071;0.7142857313156128;0.699999988079071
100558;105349;0.0;1.0;0.0;0.6000000238418579;0.7142857313156128;1.0;0.7142857313156128;1.0
100558;109651;0.0;1.0;0.0;0.2857142686843872;0.3571428656578064;0.8333333134651184;0.3571428656578064;0.8333333134651184
100558;103997;0.0;1.0;0.0;0.30000001192092896;0.7857142686843872;0.8181818127632141;0.7857142686843872;0.8181818127632141
100717;104117;0.0;1.0;0.0;0.800000011920929;0.6086956262588501;0.8571428656578064;0.6086956262588501;0.8571428656578064
102514;104117;0.0;1.0;0.0;0.4615384340286255;0.6086956262588501;0.6842105388641357;0.6086956262588501;0.6842105388641357
104117;105076;0.0;1.0;0.0;0.42307692766189575;0.47826087474823;0.3571428656578064;0.47826087474823;0.3571428656578064
102670;104117;0.0;1.0;0.0;0.307692289352417;0.260869562625885;0.6842105388641357;0.260869562625885;0.6842105388641357
102477;104117;0.0;1.0;0.0;0.26923078298568726;0.47826087474823;0.75;0.47826087474823;0.75
104117;104872;0.0;1.0;0.0;0.3461538553237915;0.52173912525177;0.7647058963775635;0.52173912525177;0.7647058963775635
104117;2004;0.0;1.0;0.0;0.807692289352417;0.43478262424468994;0.699999988079071;0.43478262424468994;0.699999988079071
104117;3710;0.0;1.0;0.0;0.807692289352417;0.43478262424468994;0.699999988079071;0.43478262424468994;0.699999988079071
104117;107734;0.0;1.0;0.0;0.42307692766189575;0.47826087474823;0.5;0.47826087474823;0.5
104117;105349;0.0;1.0;0.0;0.38461536169052124;0.47826087474823;0.6428571343421936;0.47826087474823;0.6428571343421936
104117;109651;0.0;1.0;0.0;0.807692289352417;0.21739131212234497;0.7142857313156128;0.21739131212234497;0.7142857313156128
103997;104117;0.0;1.0;0.0;0.7692307829856873;0.52173912525177;0.7857142686843872;0.52173912525177;0.7857142686843872
100717;102514;0.0;1.0;0.0;0.3999999761581421;0.7333333492279053;0.6315789222717285;0.7333333492279053;0.6315789222717285
100717;105076;0.0;1.0;0.0;0.36666667461395264;0.7333333492279053;0.4166666865348816;0.7333333492279053;0.4166666865348816
100717;102670;0.0;1.0;0.0;0.2666666507720947;0.3999999761581421;0.6315789222717285;0.3999999761581421;0.6315789222717285
100717;102477;0.0;1.0;0.0;0.23333334922790527;0.6666666269302368;0.6875;0.6666666269302368;0.6875
100717;104872;0.0;1.0;0.0;0.30000001192092896;0.7333333492279053;0.7058823108673096;0.7333333492279053;0.7058823108673096
100717;2004;0.0;1.0;0.0;0.7666666507720947;0.6666666269302368;0.6000000238418579;0.6666666269302368;0.6000000238418579
100717;3710;0.0;1.0;0.0;0.7666666507720947;0.6666666269302368;0.6000000238418579;0.6666666269302368;0.6000000238418579
100717;107734;0.0;1.0;0.0;0.36666667461395264;0.6666666269302368;0.5833333730697632;0.6666666269302368;0.5833333730697632
100717;105349;0.0;1.0;0.0;0.3333333134651184;0.6666666269302368;0.75;0.6666666269302368;0.75
100717;109651;0.0;1.0;0.0;0.699999988079071;0.3333333134651184;0.75;0.3333333134651184;0.75
100717;103997;0.0;1.0;0.0;0.6666666269302368;0.7333333492279053;0.9166666865348816;0.7333333492279053;0.9166666865348816
102514;105076;0.0;1.0;0.0;0.9166666865348816;0.7857142686843872;0.2631579041481018;0.7857142686843872;0.2631579041481018
102514;102670;0.0;1.0;0.0;0.6666666269302368;0.4285714030265808;0.7894736528396606;0.4285714030265808;0.7894736528396606
102477;102514;0.0;1.0;0.0;0.5833333730697632;0.7857142686843872;0.8421052694320679;0.7857142686843872;0.8421052694320679
102514;104872;0.0;1.0;0.0;0.75;0.7857142686843872;0.7894736528396606;0.7857142686843872;0.7894736528396606
102514;2004;0.0;1.0;0.0;0.5;0.7142857313156128;0.800000011920929;0.7142857313156128;0.800000011920929
102514;3710;0.0;1.0;0.0;0.5;0.7142857313156128;0.800000011920929;0.7142857313156128;0.800000011920929
102514;107734;0.0;1.0;0.0;0.9166666865348816;0.7857142686843872;0.3684210777282715;0.7857142686843872;0.3684210777282715
102514;105349;0.0;1.0;0.0;0.8333333134651184;0.7857142686843872;0.5263158082962036;0.7857142686843872;0.5263158082962036
102514;109651;0.0;1.0;0.0;0.5714285373687744;0.3571428656578064;0.6315789222717285;0.3571428656578064;0.6315789222717285
102514;103997;0.0;1.0;0.0;0.6000000238418579;0.8571428656578064;0.5789473652839661;0.8571428656578064;0.5789473652839661
102670;105076;0.0;1.0;0.0;0.7272727489471436;0.5454545021057129;0.2631579041481018;0.5454545021057129;0.2631579041481018
102477;105076;0.0;1.0;0.0;0.6363636255264282;0.9090908765792847;0.3125;0.9090908765792847;0.3125
104872;105076;0.0;1.0;0.0;0.8181818127632141;0.9166666865348816;0.29411762952804565;0.9166666865348816;0.29411762952804565
105076;2004;0.0;1.0;0.0;0.4583333134651184;0.9090908765792847;0.25;0.9090908765792847;0.25
105076;3710;0.0;1.0;0.0;0.4583333134651184;0.9090908765792847;0.25;0.9090908765792847;0.25
105076;107734;0.0;1.0;0.0;0.8181818127632141;0.9090908765792847;0.625;0.9090908765792847;0.625
105076;105349;0.0;1.0;0.0;0.8181818127632141;0.9090908765792847;0.5;0.9090908765792847;0.5
105076;109651;0.0;0.9166666269302368;0.0;0.523809552192688;0.45454543828964233;0.4166666865348816;0.45454543828964233;0.4166666865348816
103997;105076;0.0;1.0;0.0;0.550000011920929;0.9166666865348816;0.45454543828964233;0.9166666865348816;0.45454543828964233
102477;102670;0.0;1.0;0.0;0.875;0.5454545021057129;0.7894736528396606;0.5454545021057129;0.7894736528396606
102670;104872;0.0;1.0;0.0;0.7777777910232544;0.5;0.7894736528396606;0.5;0.7894736528396606
102670;2004;0.0;1.0;0.0;0.3333333134651184;0.6000000238418579;0.800000011920929;0.6000000238418579;0.800000011920929
102670;3710;0.0;1.0;0.0;0.3333333134651184;0.6000000238418579;0.800000011920929;0.6000000238418579;0.800000011920929
102670;107734;0.0;1.0;0.0;0.6363636255264282;0.5454545021057129;0.3684210777282715;0.5454545021057129;0.3684210777282715
102670;105349;0.0;1.0;0.0;0.699999988079071;0.5454545021057129;0.5263158082962036;0.5454545021057129;0.5263158082962036
102670;109651;0.0;1.0;0.0;0.3809523582458496;0.8333333134651184;0.5789473652839661;0.8333333134651184;0.5789473652839661
102670;103997;0.0;1.0;0.0;0.3999999761581421;0.5;0.5789473652839661;0.5;0.5789473652839661
102477;104872;0.0;1.0;0.0;0.7777777910232544;0.8333333134651184;0.8823529481887817;0.8333333134651184;0.8823529481887817
102477;2004;0.0;1.0;0.0;0.2916666865348816;0.9090908765792847;0.75;0.9090908765792847;0.75
102477;3710;0.0;1.0;0.0;0.2916666865348816;0.9090908765792847;0.75;0.9090908765792847;0.75
102477;107734;0.0;1.0;0.0;0.6363636255264282;0.8181818127632141;0.4375;0.8181818127632141;0.4375
102477;105349;0.0;1.0;0.0;0.699999988079071;0.8181818127632141;0.5625;0.8181818127632141;0.5625
102477;109651;0.0;1.0;0.0;0.3333333134651184;0.45454543828964233;0.6875;0.45454543828964233;0.6875
102477;103997;0.0;1.0;0.0;0.3500000238418579;0.8333333134651184;0.625;0.8333333134651184;0.625
104872;2004;0.0;1.0;0.0;0.375;0.8333333134651184;0.800000011920929;0.8333333134651184;0.800000011920929
104872;3710;0.0;1.0;0.0;0.375;0.8333333134651184;0.800000011920929;0.8333333134651184;0.800000011920929
104872;107734;0.0;1.0;0.0;0.8181818127632141;0.8333333134651184;0.4117646813392639;0.8333333134651184;0.4117646813392639
104872;105349;0.0;1.0;0.0;0.8999999761581421;0.8333333134651184;0.5882352590560913;0.8333333134651184;0.5882352590560913
104872;109651;0.0;1.0;0.0;0.4285714030265808;0.4166666865348816;0.6470588445663452;0.4166666865348816;0.6470588445663452
103997;104872;0.0;1.0;0.0;0.44999998807907104;0.8333333134651184;0.6470588445663452;0.8333333134651184;0.6470588445663452
107734;2004;0.0;1.0;0.0;0.4583333134651184;0.9090908765792847;0.3500000238418579;0.9090908765792847;0.3500000238418579
105349;2004;0.0;1.0;0.0;0.4166666865348816;0.9090908765792847;0.5;0.9090908765792847;0.5
109651;2004;0.0;1.0;0.0;0.8333333134651184;0.5;0.550000011920929;0.5;0.550000011920929
103997;2004;0.0;1.0;0.0;0.8333333134651184;0.8333333134651184;0.550000011920929;0.8333333134651184;0.550000011920929
107734;3710;0.0;1.0;0.0;0.4583333134651184;0.9090908765792847;0.3500000238418579;0.9090908765792847;0.3500000238418579
105349;3710;0.0;1.0;0.0;0.4166666865348816;0.9090908765792847;0.5;0.9090908765792847;0.5
109651;3710;0.0;1.0;0.0;0.8333333134651184;0.5;0.550000011920929;0.5;0.550000011920929
103997;3710;0.0;1.0;0.0;0.8333333134651184;0.8333333134651184;0.550000011920929;0.8333333134651184;0.550000011920929
105349;107734;0.0;1.0;0.0;0.9090908765792847;0.8181818127632141;0.699999988079071;0.8181818127632141;0.699999988079071
107734;109651;0.0;1.0;0.0;0.523809552192688;0.45454543828964233;0.5833333730697632;0.45454543828964233;0.5833333730697632
103997;107734;0.0;1.0;0.0;0.550000011920929;0.8333333134651184;0.6363636255264282;0.8333333134651184;0.6363636255264282
105349;109651;0.0;1.0;0.0;0.476190447807312;0.45454543828964233;0.8333333134651184;0.45454543828964233;0.8333333134651184
103997;105349;0.0;1.0;0.0;0.5;0.9166666865348816;0.8181818127632141;0.9166666865348816;0.8181818127632141
103997;109651;0.0;1.0;0.0;0.8571428656578064;0.4166666865348816;0.75;0.4166666865348816;0.75
6562;8870;1.0;0.7833333015441895;1.0;1.0;1.0;1.0;1.0;1.0
7540;7542;1.0;1.0;1.0;0.8461538553237915;0.20930230617523193;0.6000000238418579;0.20930230617523193;0.6000000238418579
7542;8823;1.0;1.0;1.0;1.0;0.3720930218696594;0.8333333134651184;0.3720930218696594;0.8333333134651184
102024;102960;0.0;0.9166666865348816;1.0;0.21621620655059814;0.23076921701431274;0.20588237047195435;0.23076921701431274;0.20588237047195435
104610;105320;0.0;0.8888888955116272;1.0;0.2321428656578064;0.20454543828964233;0.21052628755569458;0.20454543828964233;0.21052628755569458
101564;108252;0.0;1.0;0.5555555820465088;1.0;0.9285714030265808;1.0;0.9285714030265808;1.0
105956;108216;0.0;1.0;0.0;0.6666666269302368;0.4444444179534912;0.6666666269302368;0.4444444179534912;0.6666666269302368
103830;105956;0.0;1.0;0.0;0.875;0.2222222089767456;0.5555555820465088;0.2222222089767456;0.5555555820465088
102987;105956;0.0;1.0;0.0;0.8571428656578064;0.4444444179534912;0.5555555820465088;0.4444444179534912;0.5555555820465088
104167;105956;0.0;1.0;0.0;0.8571428656578064;0.1111111044883728;0.4444444179534912;0.1111111044883728;0.4444444179534912
104396;105956;0.0;1.0;0.0;0.5384615659713745;0.5;0.8181818127632141;0.5;0.8181818127632141
100446;105956;0.0;1.0;0.0;0.7142857313156128;0.782608687877655;0.6000000238418579;0.782608687877655;0.6000000238418579
101480;105956;0.0;1.0;0.0;0.7142857313156128;0.7272727489471436;0.75;0.7272727489471436;0.75
100054;105956;0.0;1.0;0.0;0.875;0.7777777910232544;0.47058820724487305;0.7777777910232544;0.47058820724487305
104418;105956;0.0;1.0;0.0;0.6666666269302368;0.3888888955116272;0.4444444179534912;0.3888888955116272;0.4444444179534912
102120;105956;0.0;1.0;0.0;0.5833333730697632;0.4444444179534912;0.8181818127632141;0.4444444179534912;0.8181818127632141
101502;105956;0.0;1.0;0.0;1.0;0.3888888955116272;0.7777777910232544;0.3888888955116272;0.7777777910232544
103056;105956;0.0;1.0;0.0;0.5833333730697632;0.7222222089767456;0.8888888955116272;0.7222222089767456;0.8888888955116272
105956;107779;0.0;1.0;0.0;0.4375;0.5;0.46666663885116577;0.5;0.46666663885116577
105156;105956;0.0;1.0;0.0;0.5833333730697632;0.7777777910232544;0.529411792755127;0.7777777910232544;0.529411792755127
105956;107521;0.0;1.0;0.0;0.5714285373687744;0.3333333134651184;0.6666666269302368;0.3333333134651184;0.6666666269302368
103830;108216;0.0;1.0;0.0;0.6666666269302368;0.4444444179534912;0.5555555820465088;0.4444444179534912;0.5555555820465088
102987;108216;0.0;1.0;0.0;0.6666666269302368;0.6666666269302368;0.5555555820465088;0.6666666269302368;0.5555555820465088
104167;108216;0.0;1.0;0.0;0.5555555820465088;0.2222222089767456;0.4444444179534912;0.2222222089767456;0.4444444179534912
104396;108216;0.0;1.0;0.0;0.4615384340286255;0.6666666269302368;0.6363636255264282;0.6666666269302368;0.6363636255264282
100446;108216;0.0;1.0;0.0;0.5555555820465088;0.3478260636329651;0.46666663885116577;0.3478260636329651;0.46666663885116577
101480;108216;0.0;1.0;0.0;0.5555555820465088;0.3636363744735718;0.5833333730697632;0.3636363744735718;0.5833333730697632
100054;108216;0.0;1.0;0.0;0.7777777910232544;0.5333333015441895;0.4117646813392639;0.5333333015441895;0.4117646813392639
104418;108216;0.0;0.8333333134651184;0.0;0.5555555820465088;0.5454545021057129;0.3333333134651184;0.5454545021057129;0.3333333134651184
102120;108216;0.0;1.0;0.0;0.5833333730697632;0.6666666269302368;0.6363636255264282;0.6666666269302368;0.6363636255264282
101502;108216;0.0;1.0;0.0;0.6666666269302368;0.6666666269302368;0.6666666269302368;0.6666666269302368;0.6666666269302368
103056;108216;0.0;1.0;0.0;0.5833333730697632;0.5714285373687744;0.7777777910232544;0.5714285373687744;0.7777777910232544
107779;108216;0.0;1.0;0.0;0.5;0.5714285373687744;0.46666663885116577;0.5714285373687744;0.46666663885116577
105156;108216;0.0;1.0;0.0;0.5833333730697632;0.4444444179534912;0.4117646813392639;0.4444444179534912;0.4117646813392639
107521;108216;0.0;1.0;0.0;0.4444444179534912;0.5555555820465088;0.5;0.5555555820465088;0.5
102987;103830;0.0;1.0;0.0;0.75;0.375;1.0;0.375;1.0
103830;104167;0.0;1.0;0.0;0.75;0.125;0.6666666269302368;0.125;0.6666666269302368
103830;104396;0.0;1.0;0.0;0.615384578704834;0.3333333134651184;0.45454543828964233;0.3333333134651184;0.45454543828964233
100446;103830;0.0;1.0;0.0;0.625;0.17391306161880493;0.3333333134651184;0.17391306161880493;0.3333333134651184
101480;103830;0.0;1.0;0.0;0.625;0.1818181872367859;0.4166666865348816;0.1818181872367859;0.4166666865348816
100054;103830;0.0;1.0;0.0;0.875;0.2666666507720947;0.29411762952804565;0.2666666507720947;0.29411762952804565
103830;104418;0.0;0.800000011920929;0.0;0.6666666269302368;0.27272725105285645;0.5;0.27272725105285645;0.5
102120;103830;0.0;1.0;0.0;0.6666666269302368;0.5;0.45454543828964233;0.5;0.45454543828964233
101502;103830;0.0;1.0;0.0;0.875;0.375;0.625;0.375;0.625
103056;103830;0.0;1.0;0.0;0.6666666269302368;0.2857142686843872;0.5555555820465088;0.2857142686843872;0.5555555820465088
103830;107779;0.0;0.800000011920929;0.0;0.5;0.2857142686843872;0.3333333134651184;0.2857142686843872;0.3333333134651184
103830;105156;0.0;1.0;0.0;0.6666666269302368;0.2222222089767456;0.29411762952804565;0.2222222089767456;0.29411762952804565
103830;107521;0.0;1.0;0.0;0.5;0.375;0.4166666865348816;0.375;0.4166666865348816
102987;104167;0.0;1.0;0.0;0.8571428656578064;0.25;0.6666666269302368;0.25;0.6666666269302368
102987;104396;0.0;1.0;0.0;0.4615384340286255;0.8888888955116272;0.45454543828964233;0.8888888955116272;0.45454543828964233
100446;102987;0.0;1.0;0.0;0.8333333134651184;0.3478260636329651;0.3333333134651184;0.3478260636329651;0.3333333134651184
101480;102987;0.0;1.0;0.0;0.8333333134651184;0.3636363744735718;0.4166666865348816;0.3636363744735718;0.4166666865348816
100054;102987;0.0;1.0;0.0;0.75;0.5333333015441895;0.29411762952804565;0.5333333015441895;0.29411762952804565
102987;104418;0.0;0.800000011920929;0.0;0.6666666269302368;0.6363636255264282;0.5;0.6363636255264282;0.5
102120;102987;0.0;1.0;0.0;0.5;0.875;0.45454543828964233;0.875;0.45454543828964233
101502;102987;0.0;1.0;0.0;0.8571428656578064;0.875;0.625;0.875;0.625
102987;103056;0.0;1.0;0.0;0.5;0.5714285373687744;0.5555555820465088;0.5714285373687744;0.5555555820465088
102987;107779;0.0;0.800000011920929;0.0;0.375;0.5714285373687744;0.3333333134651184;0.5714285373687744;0.3333333134651184
102987;105156;0.0;1.0;0.0;0.5;0.4444444179534912;0.29411762952804565;0.4444444179534912;0.29411762952804565
102987;107521;0.0;1.0;0.0;0.6666666269302368;0.75;0.4166666865348816;0.75;0.4166666865348816
104167;104396;0.0;1.0;0.0;0.4615384340286255;0.2222222089767456;0.3636363744735718;0.2222222089767456;0.3636363744735718
100446;104167;0.0;1.0;0.0;0.7142857313156128;0.08695650100708008;0.2666666507720947;0.08695650100708008;0.2666666507720947
101480;104167;0.0;1.0;0.0;0.7142857313156128;0.09090906381607056;0.3333333134651184;0.09090906381607056;0.3333333134651184
100054;104167;0.0;1.0;0.0;0.75;0.13333332538604736;0.23529410362243652;0.13333332538604736;0.23529410362243652
104167;104418;0.0;0.800000011920929;0.0;0.5555555820465088;0.1818181872367859;0.5;0.1818181872367859;0.5
102120;104167;0.0;1.0;0.0;0.5;0.25;0.3636363744735718;0.25;0.3636363744735718
101502;104167;0.0;1.0;0.0;0.8571428656578064;0.2857142686843872;0.5;0.2857142686843872;0.5
103056;104167;0.0;1.0;0.0;0.5;0.1428571343421936;0.4444444179534912;0.1428571343421936;0.4444444179534912
104167;107779;0.0;0.800000011920929;0.0;0.375;0.1428571343421936;0.2666666507720947;0.1428571343421936;0.2666666507720947
104167;105156;0.0;1.0;0.0;0.5;0.1111111044883728;0.23529410362243652;0.1111111044883728;0.23529410362243652
104167;107521;0.0;1.0;0.0;0.5714285373687744;0.2857142686843872;0.3333333134651184;0.2857142686843872;0.3333333134651184
100446;104396;0.0;1.0;0.0;0.38461536169052124;0.3913043737411499;0.6666666269302368;0.3913043737411499;0.6666666269302368
101480;104396;0.0;1.0;0.0;0.4615384340286255;0.40909093618392944;0.8333333134651184;0.40909093618392944;0.8333333134651184
100054;104396;0.0;1.0;0.0;0.5384615659713745;0.6000000238418579;0.47058820724487305;0.6000000238418579;0.47058820724487305
104396;104418;0.0;0.800000011920929;0.0;0.4615384340286255;0.6363636255264282;0.3636363744735718;0.6363636255264282;0.3636363744735718
102120;104396;0.0;1.0;0.0;0.8461538553237915;0.7777777910232544;0.7272727489471436;0.7777777910232544;0.7272727489471436
101502;104396;0.0;1.0;0.0;0.5384615659713745;0.7777777910232544;0.6363636255264282;0.7777777910232544;0.6363636255264282
103056;104396;0.0;1.0;0.0;0.8461538553237915;0.6428571343421936;0.8181818127632141;0.6428571343421936;0.8181818127632141
104396;107779;0.0;0.800000011920929;0.0;0.625;0.5714285373687744;0.46666663885116577;0.5714285373687744;0.46666663885116577
104396;105156;0.0;1.0;0.0;0.7692307829856873;0.5;0.529411792755127;0.5;0.529411792755127
104396;107521;0.0;1.0;0.0;0.307692289352417;0.6666666269302368;0.5833333730697632;0.6666666269302368;0.5833333730697632
100446;101480;0.0;1.0;0.0;0.8333333134651184;0.8260869383811951;0.7333333492279053;0.8260869383811951;0.7333333492279053
100054;100446;0.0;1.0;0.0;0.625;0.6521738767623901;0.47058820724487305;0.6521738767623901;0.47058820724487305
100446;104418;0.0;0.8333333134651184;0.0;0.5555555820465088;0.30434781312942505;0.2666666507720947;0.30434781312942505;0.2666666507720947
100446;102120;0.0;1.0;0.0;0.4166666865348816;0.3478260636329651;0.7333333492279053;0.3478260636329651;0.7333333492279053
100446;101502;0.0;1.0;0.0;0.7142857313156128;0.30434781312942505;0.5333333015441895;0.30434781312942505;0.5333333015441895
100446;103056;0.0;1.0;0.0;0.4166666865348816;0.5652173757553101;0.6000000238418579;0.5652173757553101;0.6000000238418579
100446;107779;0.0;1.0;0.0;0.3125;0.43478262424468994;0.46666663885116577;0.43478262424468994;0.46666663885116577
100446;105156;0.0;1.0;0.0;0.4166666865348816;0.695652186870575;0.8235294222831726;0.695652186870575;0.8235294222831726
100446;107521;0.0;1.0;0.0;0.6666666269302368;0.260869562625885;0.5333333015441895;0.260869562625885;0.5333333015441895
100054;101480;0.0;1.0;0.0;0.625;0.6363636255264282;0.4117646813392639;0.6363636255264282;0.4117646813392639
101480;104418;0.0;1.0;0.0;0.5555555820465088;0.3181818127632141;0.3333333134651184;0.3181818127632141;0.3333333134651184
101480;102120;0.0;1.0;0.0;0.5;0.3636363744735718;0.8333333134651184;0.3636363744735718;0.8333333134651184
101480;101502;0.0;1.0;0.0;0.7142857313156128;0.3181818127632141;0.5833333730697632;0.3181818127632141;0.5833333730697632
101480;103056;0.0;1.0;0.0;0.5;0.5909091234207153;0.75;0.5909091234207153;0.75
101480;107779;0.0;1.0;0.0;0.375;0.40909093618392944;0.3999999761581421;0.40909093618392944;0.3999999761581421
101480;105156;0.0;1.0;0.0;0.5;0.7272727489471436;0.6470588445663452;0.7272727489471436;0.6470588445663452
101480;107521;0.0;1.0;0.0;0.6666666269302368;0.27272725105285645;0.5833333730697632;0.27272725105285645;0.5833333730697632
100054;104418;0.0;1.0;0.0;0.6666666269302368;0.46666663885116577;0.23529410362243652;0.46666663885116577;0.23529410362243652
100054;102120;0.0;1.0;0.0;0.6666666269302368;0.5333333015441895;0.529411792755127;0.5333333015441895;0.529411792755127
100054;101502;0.0;1.0;0.0;0.875;0.46666663885116577;0.47058820724487305;0.46666663885116577;0.47058820724487305
100054;103056;0.0;1.0;0.0;0.6666666269302368;0.8666666746139526;0.4117646813392639;0.8666666746139526;0.4117646813392639
100054;107779;0.0;1.0;0.0;0.5;0.6000000238418579;0.29411762952804565;0.6000000238418579;0.29411762952804565
100054;105156;0.0;1.0;0.0;0.6666666269302368;0.7222222089767456;0.47058820724487305;0.7222222089767456;0.47058820724487305
100054;107521;0.0;1.0;0.0;0.5;0.3999999761581421;0.3529411554336548;0.3999999761581421;0.3529411554336548
102120;104418;0.0;1.0;0.0;0.5;0.5454545021057129;0.3636363744735718;0.5454545021057129;0.3636363744735718
101502;104418;0.0;1.0;0.0;0.6666666269302368;0.6363636255264282;0.5;0.6363636255264282;0.5
103056;104418;0.0;0.8333333134651184;0.0;0.5;0.5;0.4444444179534912;0.5;0.4444444179534912
104418;107779;0.0;0.625;0.0;0.375;0.5;0.2666666507720947;0.5;0.2666666507720947
104418;105156;0.0;0.8571428656578064;0.0;0.5;0.3888888955116272;0.23529410362243652;0.3888888955116272;0.23529410362243652
104418;107521;0.0;0.800000011920929;0.0;0.4444444179534912;0.5454545021057129;0.3333333134651184;0.5454545021057129;0.3333333134651184
101502;102120;0.0;1.0;0.0;0.5833333730697632;0.875;0.7272727489471436;0.875;0.7272727489471436
102120;103056;0.0;1.0;0.0;0.8333333134651184;0.5714285373687744;0.7272727489471436;0.5714285373687744;0.7272727489471436
102120;107779;0.0;1.0;0.0;0.625;0.5714285373687744;0.5333333015441895;0.5714285373687744;0.5333333015441895
102120;105156;0.0;1.0;0.0;0.75;0.4444444179534912;0.5882352590560913;0.4444444179534912;0.5882352590560913
102120;107521;0.0;1.0;0.0;0.3333333134651184;0.75;0.6666666269302368;0.75;0.6666666269302368
101502;103056;0.0;1.0;0.0;0.5833333730697632;0.5;0.7777777910232544;0.5;0.7777777910232544
101502;107779;0.0;1.0;0.0;0.4375;0.5;0.5333333015441895;0.5;0.5333333015441895
101502;105156;0.0;1.0;0.0;0.5833333730697632;0.3888888955116272;0.47058820724487305;0.3888888955116272;0.47058820724487305
101502;107521;0.0;1.0;0.0;0.5714285373687744;0.8571428656578064;0.5833333730697632;0.8571428656578064;0.5833333730697632
103056;107779;0.0;1.0;0.0;0.6875;0.5714285373687744;0.3999999761581421;0.5714285373687744;0.3999999761581421
103056;105156;0.0;1.0;0.0;0.75;0.7777777910232544;0.47058820724487305;0.7777777910232544;0.47058820724487305
103056;107521;0.0;1.0;0.0;0.3333333134651184;0.4285714030265808;0.5833333730697632;0.4285714030265808;0.5833333730697632
105156;107779;0.0;0.8571428656578064;0.0;0.6875;0.5;0.4117646813392639;0.5;0.4117646813392639
107521;107779;0.0;0.800000011920929;0.0;0.25;0.4285714030265808;0.46666663885116577;0.4285714030265808;0.46666663885116577
105156;107521;0.0;1.0;0.0;0.3333333134651184;0.3333333134651184;0.47058820724487305;0.3333333134651184;0.47058820724487305
3086;3215;1.0;1.0;0.694444477558136;1.0;1.0;1.0;1.0;1.0
102629;105682;0.0;1.0;1.0;0.1944444179534912;0.1666666865348816;0.22857141494750977;0.1666666865348816;0.22857141494750977
108362;108392;0.0;0.875;1.0;0.1818181872367859;0.2666666507720947;0.2368420958518982;0.2666666507720947;0.2368420958518982
100358;103646;0.0;1.0;1.0;0.19999998807907104;0.19999998807907104;0.19999998807907104;0.19999998807907104;0.19999998807907104
100170;103646;0.0;1.0;1.0;0.1428571343421936;0.1428571343421936;0.1428571343421936;0.1428571343421936;0.1428571343421936
7199;8683;1.0;1.0;1.0;0.4390243887901306;0.29545456171035767;0.15555554628372192;0.29545456171035767;0.15555554628372192
4178;8683;1.0;1.0;1.0;0.4390243887901306;0.29545456171035767;0.15555554628372192;0.29545456171035767;0.15555554628372192
102760;103339;0.0;1.0;1.0;0.21052628755569458;0.1836734414100647;0.19354838132858276;0.1836734414100647;0.19354838132858276
8306;8663;1.0;1.0;0.6666666865348816;1.0;1.0;1.0;1.0;1.0
8630;8805;1.0;1.0;1.0;0.6296296119689941;0.6969696879386902;0.6071428656578064;0.6969696879386902;0.6071428656578064
8274;8630;1.0;1.0;1.0;0.6296296119689941;0.6969696879386902;0.6071428656578064;0.6969696879386902;0.6071428656578064
4490;7121;1.0;1.0;1.0;0.3333333134651184;1.0;0.20967739820480347;1.0;0.20967739820480347
10314;2427;1.0;0.949999988079071;0.7777778506278992;0.9375;0.9473684430122375;1.0;0.9473684430122375;1.0
10314;8640;1.0;1.0;0.7777778506278992;1.0;1.0;1.0;1.0;1.0
5830;8888;1.0;1.0;1.0;0.2666666507720947;0.6415094137191772;0.48571425676345825;0.6415094137191772;0.48571425676345825
5392;9486;1.0;0.8761904835700989;0.7555555701255798;0.9354838728904724;1.0;0.875;1.0;0.875
4676;8097;1.0;1.0;1.0;0.5555555820465088;0.529411792755127;1.0;0.529411792755127;1.0
4676;5746;1.0;1.0;1.0;0.5;0.2857142686843872;0.75;0.2857142686843872;0.75
5746;8097;1.0;1.0;1.0;0.5;0.2571428418159485;0.75;0.2571428418159485;0.75
103100;106275;0.0;1.0;0.0;0.21052628755569458;0.1904761791229248;0.47058820724487305;0.1904761791229248;0.47058820724487305
106275;106684;0.0;1.0;0.0;0.2631579041481018;0.3333333134651184;0.7083333730697632;0.3333333134651184;0.7083333730697632
103100;106684;0.0;1.0;0.0;0.4285714030265808;0.5714285373687744;0.3333333134651184;0.5714285373687744;0.3333333134651184
101925;104169;0.0;1.0;1.0;0.22857141494750977;0.22727274894714355;0.125;0.22727274894714355;0.125
10361;6761;1.0;0.9555555582046509;1.0;0.699999988079071;0.6666666269302368;0.7647058963775635;0.6666666269302368;0.7647058963775635
5426;6761;1.0;0.8666666746139526;1.0;0.699999988079071;0.6666666269302368;0.7647058963775635;0.6666666269302368;0.7647058963775635
6761;7869;1.0;0.8666666746139526;1.0;0.699999988079071;0.6666666269302368;0.8235294222831726;0.6666666269302368;0.8235294222831726
10361;5426;1.0;0.9111111164093018;1.0;1.0;1.0;1.0;1.0;1.0
10361;7869;1.0;0.9111111164093018;1.0;1.0;1.0;0.9285714030265808;1.0;0.9285714030265808
5371;5959;1.0;1.0;1.0;0.9444444179534912;0.08333331346511841;0.1666666865348816;0.08333331346511841;0.1666666865348816
3096;3123;1.0;0.9555556178092957;0.694444477558136;1.0;1.0;0.96875;1.0;0.96875
8301;9114;1.0;1.0;1.0;0.3500000238418579;0.5;0.5357142686843872;0.5;0.5357142686843872
102666;105709;0.0;1.0;0.5555555820465088;0.9411764740943909;0.95652174949646;0.9583333134651184;0.95652174949646;0.9583333134651184
3757;6377;1.0;0.8074285387992859;1.0;0.800000011920929;0.8421052694320679;1.0;0.8421052694320679;1.0
100001;100010;0.0;0.8999999761581421;1.0;0.442307710647583;0.239130437374115;0.23333334922790527;0.239130437374115;0.23333334922790527
108408;108563;0.0;1.0;0.4444444477558136;1.0;1.0;0.8591549396514893;1.0;0.8591549396514893
104733;105907;0.0;0.9416666626930237;1.0;0.15625;0.17241376638412476;0.18918919563293457;0.17241376638412476;0.18918919563293457
5185;7072;1.0;1.0;1.0;1.0;0.0;1.0;0.0;1.0
7460;8578;1.0;1.0;0.7777778506278992;0.6428571343421936;0.6666666269302368;0.7916666865348816;0.6666666269302368;0.7916666865348816
6272;8578;1.0;1.0;0.7777778506278992;0.6428571343421936;0.6666666269302368;0.7916666865348816;0.6666666269302368;0.7916666865348816
102406;103696;0.0;0.8571428656578064;1.0;0.0;0.2631579041481018;0.1904761791229248;0.2631579041481018;0.1904761791229248
6992;7802;1.0;0.8500000238418579;1.0;0.7333333492279053;1.0;0.5882352590560913;1.0;0.5882352590560913
4358;6398;1.0;1.0;1.0;0.476190447807312;0.4285714030265808;0.44117647409439087;0.4285714030265808;0.44117647409439087
100808;103424;0.0;1.0;0.0;0.5925925970077515;0.476190447807312;0.3999999761581421;0.476190447807312;0.3999999761581421
103424;106443;0.0;1.0;0.0;0.75;0.523809552192688;0.3999999761581421;0.523809552192688;0.3999999761581421
100808;106443;0.0;1.0;0.0;0.4444444179534912;0.8181818127632141;0.800000011920929;0.8181818127632141;0.800000011920929
4145;4886;1.0;0.9714285731315613;1.0;1.0;1.0;1.0;1.0;1.0
107445;108557;0.0;1.0;0.0;0.5;0.7142857313156128;0.0;0.7142857313156128;0.0
5776;9008;1.0;1.0;1.0;1.0;0.12000000476837158;0.11764705181121826;0.12000000476837158;0.11764705181121826
103731;104112;0.0;0.9288889169692993;1.0;0.25;0.19298243522644043;0.25;0.19298243522644043;0.25
102446;103731;0.0;0.9288889169692993;1.0;0.21212118864059448;0.2280701994895935;0.25;0.2280701994895935;0.25
102446;104112;0.0;0.9288889169692993;1.0;0.1818181872367859;0.238095223903656;0.1875;0.238095223903656;0.1875
102424;107480;0.0;0.9466666579246521;1.0;0.2916666865348816;0.17777776718139648;0.22727274894714355;0.17777776718139648;0.22727274894714355
4108;7977;1.0;0.9222221970558167;1.0;1.0;1.0;1.0;1.0;1.0
10986;7087;1.0;1.0;1.0;0.0;0.0;0.1428571343421936;0.0;0.1428571343421936
102390;102394;0.0;0.9542856812477112;1.0;0.25;0.1538461446762085;0.23333334922790527;0.1538461446762085;0.23333334922790527
5542;6695;1.0;0.8333333730697632;1.0;0.9166666865348816;1.0;1.0;1.0;1.0
101377;101414;0.0;1.0;1.0;0.22448980808258057;0.21875;0.13953489065170288;0.21875;0.13953489065170288
10983;11174;1.0;0.965656578540802;1.0;0.7272727489471436;0.125;0.7272727489471436;0.125;0.7272727489471436
101555;108876;0.0;1.0;0.0;0.8999999761581421;0.7894736528396606;0.4583333134651184;0.7894736528396606;0.4583333134651184
4709;4710;1.0;1.0;1.0;0.375;0.9333333373069763;0.3125;0.9333333373069763;0.3125
5574;7562;1.0;1.0;1.0;0.8500000238418579;0.125;0.2777777910232544;0.125;0.2777777910232544
4441;7769;1.0;0.644444465637207;1.0;1.0;1.0;1.0;1.0;1.0
7769;8151;1.0;0.644444465637207;1.0;0.8846153616905212;0.7272727489471436;0.8333333134651184;0.7272727489471436;0.8333333134651184
3670;7769;1.0;0.644444465637207;1.0;0.8695652484893799;0.875;0.800000011920929;0.875;0.800000011920929
7515;7769;1.0;0.644444465637207;1.0;1.0;1.0;0.9333333373069763;1.0;0.9333333373069763
4124;7722;1.0;0.5;1.0;1.0;1.0;1.0;1.0;1.0
4124;6737;1.0;0.5;1.0;1.0;1.0;0.9411764740943909;1.0;0.9411764740943909
106803;107918;0.0;0.4950000047683716;1.0;1.0;1.0;1.0;1.0;1.0
101462;109714;0.0;1.0;1.0;0.1860465407371521;0.574999988079071;0.7878787517547607;0.574999988079071;0.7878787517547607
101462;109608;0.0;1.0;1.0;0.6976743936538696;0.44999998807907104;0.7027027010917664;0.44999998807907104;0.7027027010917664
101462;104145;0.0;0.9642857313156128;1.0;0.13953489065170288;0.10000002384185791;0.1875;0.10000002384185791;0.1875
109608;109714;0.0;1.0;1.0;0.20512819290161133;0.7083333730697632;0.7567567825317383;0.7083333730697632;0.7567567825317383
104145;109714;0.0;1.0;1.0;0.75;0.1666666865348816;0.1818181872367859;0.1666666865348816;0.1818181872367859
104145;109608;0.0;1.0;1.0;0.1538461446762085;0.21052628755569458;0.162162184715271;0.21052628755569458;0.162162184715271
8370;9876;1.0;0.6666666865348816;1.0;0.9333333373069763;1.0;0.9473684430122375;1.0;0.9473684430122375
11531;3134;1.0;0.41999998688697815;1.0;1.0;1.0;1.0;1.0;1.0
3134;6210;1.0;0.5111111402511597;1.0;1.0;1.0;1.0;1.0;1.0
11531;6210;1.0;0.2800000011920929;1.0;1.0;1.0;1.0;1.0;1.0
5780;5782;1.0;0.5199999809265137;1.0;1.0;1.0;1.0;1.0;1.0
2139;3296;1.0;0.550000011920929;1.0;0.8333333134651184;0.8421052694320679;0.9230769276618958;0.8421052694320679;0.9230769276618958
105016;107434;0.0;0.18611110746860504;1.0;1.0;1.0;0.3333333134651184;1.0;0.3333333134651184
103832;109732;0.0;1.0;1.0;0.44999998807907104;0.75;0.19999998807907104;0.75;0.19999998807907104
102349;109732;0.0;1.0;1.0;0.6499999761581421;0.36000001430511475;0.10000002384185791;0.36000001430511475;0.10000002384185791
102349;103832;0.0;0.3499999940395355;1.0;0.6428571343421936;0.4399999976158142;0.1538461446762085;0.4399999976158142;0.1538461446762085
1838;7934;1.0;1.0;1.0;1.0;0.523809552192688;1.0;0.523809552192688;1.0
6354;8424;1.0;0.3799999952316284;1.0;1.0;0.9333333373069763;1.0;0.9333333373069763;1.0
8260;8445;1.0;0.9523809552192688;1.0;0.8125;0.8500000238418579;0.8235294222831726;0.8500000238418579;0.8235294222831726
109053;109245;0.0;0.33714285492897034;1.0;1.0;1.0;1.0;1.0;1.0
6944;7731;1.0;0.9666666984558105;1.0;0.800000011920929;0.9285714030265808;0.9166666865348816;0.9285714030265808;0.9166666865348816
7731;9868;1.0;0.49629634618759155;1.0;0.800000011920929;0.8571428656578064;0.8333333134651184;0.8571428656578064;0.8333333134651184
104789;105642;0.0;0.800000011920929;1.0;1.0;0.11764705181121826;0.22727274894714355;0.11764705181121826;0.22727274894714355
101515;101521;0.0;0.6499999761581421;1.0;1.0;0.3500000238418579;0.3500000238418579;0.3500000238418579;0.3500000238418579
3395;4563;1.0;0.31857141852378845;1.0;0.6666666269302368;0.3095238208770752;0.21875;0.3095238208770752;0.21875
3395;5122;1.0;0.3438095450401306;1.0;1.0;1.0;1.0;1.0;1.0
4563;5122;1.0;0.949999988079071;1.0;0.6666666269302368;0.3095238208770752;0.21875;0.3095238208770752;0.21875
6756;8537;1.0;0.8799999356269836;1.0;1.0;0.9285714030265808;1.0;0.9285714030265808;1.0
4588;4774;1.0;1.0;1.0;0.6666666269302368;0.25;0.0;0.25;0.0
7192;7778;1.0;1.0;1.0;1.0;1.0;1.0;1.0;1.0
109532;109725;0.0;0.3047619163990021;1.0;0.8999999761581421;0.8888888955116272;0.1904761791229248;0.8888888955116272;0.1904761791229248
109495;109674;0.0;0.5166666507720947;1.0;1.0;0.5;0.17241376638412476;0.5;0.17241376638412476
100810;105094;0.0;1.0;1.0;0.2142857313156128;1.0;1.0;1.0;1.0
10312;9807;1.0;0.43611112236976624;1.0;1.0;1.0;1.0;1.0;1.0
11423;11538;1.0;0.7250000238418579;1.0;1.0;0.9599999785423279;1.0;0.9599999785423279;1.0
6506;6952;1.0;1.0;1.0;0.8095238208770752;0.7599999904632568;0.800000011920929;0.7599999904632568;0.800000011920929
109296;109299;0.0;0.8452380895614624;1.0;0.849056601524353;0.8510638475418091;0.6833333373069763;0.8510638475418091;0.6833333373069763
10119;7664;1.0;0.9928571581840515;1.0;0.9047619104385376;0.875;1.0;0.875;1.0
10320;7581;1.0;0.7888889312744141;1.0;0.9200000166893005;0.8666666746139526;1.0;0.8666666746139526;1.0
7898;8422;1.0;0.9555556178092957;1.0;1.0;0.07142859697341919;0.1428571343421936;0.07142859697341919;0.1428571343421936
1884;9542;1.0;1.0;1.0;0.7777777910232544;0.90625;0.7692307829856873;0.90625;0.7692307829856873
8364;8526;1.0;1.0;1.0;0.9285714030265808;1.0;1.0;1.0;1.0
103350;104042;0.0;0.46666669845581055;1.0;0.9166666865348816;0.8421052694320679;0.8823529481887817;0.8421052694320679;0.8823529481887817
1818;7075;1.0;0.8791666626930237;1.0;0.75;0.75;0.7352941036224365;0.75;0.7352941036224365
2771;5458;1.0;1.0;1.0;0.9583333134651184;1.0;1.0;1.0;1.0
10293;7599;1.0;0.7666666507720947;1.0;0.6363636255264282;0.7692307829856873;0.1764705777168274;0.7692307829856873;0.1764705777168274
5204;7514;1.0;0.4333333373069763;1.0;1.0;1.0;0.8235294222831726;1.0;0.8235294222831726
11006;11008;1.0;0.2666666805744171;1.0;1.0;1.0;1.0;1.0;1.0
105723;107973;0.0;1.0;1.0;1.0;0.13793104887008667;0.1666666865348816;0.13793104887008667;0.1666666865348816
10785;10833;1.0;0.23999999463558197;1.0;1.0;0.8999999761581421;1.0;0.8999999761581421;1.0
2890;2891;1.0;0.5666666626930237;1.0;1.0;1.0;1.0;1.0;1.0
2026;4601;1.0;0.6000000238418579;1.0;1.0;1.0;1.0;1.0;1.0
2317;4988;1.0;1.0;1.0;0.800000011920929;0.9090908765792847;1.0;0.9090908765792847;1.0
7201;8536;1.0;1.0;1.0;1.0;1.0;1.0;1.0;1.0
4384;5657;1.0;1.0;1.0;1.0;1.0;1.0;1.0;1.0
6798;9068;1.0;0.3375000059604645;1.0;0.5909091234207153;0.7647058963775635;0.8181818127632141;0.7647058963775635;0.8181818127632141
7008;8831;1.0;1.0;1.0;1.0;1.0;1.0;1.0;1.0
4441;7515;1.0;1.0;1.0;1.0;1.0;0.9333333373069763;1.0;0.9333333373069763
4291;4905;1.0;1.0;1.0;1.0;1.0;1.0;1.0;1.0
7361;7750;1.0;1.0;1.0;1.0;1.0;1.0;1.0;1.0
8265;9149;1.0;1.0;1.0;1.0;1.0;1.0;1.0;1.0
3356;6955;1.0;1.0;1.0;1.0;1.0;0.9411764740943909;1.0;0.9411764740943909
100198;106489;0.0;1.0;1.0;1.0;1.0;1.0;1.0;1.0
11530;5099;1.0;1.0;1.0;1.0;1.0;0.8055555820465088;1.0;0.8055555820465088
7134;9695;1.0;1.0;1.0;1.0;1.0;1.0;1.0;1.0
10107;7341;1.0;1.0;1.0;1.0;1.0;0.9714285731315613;1.0;0.9714285731315613
2571;9019;1.0;1.0;1.0;1.0;1.0;1.0;1.0;1.0
102987;105760;0.0;1.0;0.0;0.5;0.615384578704834;0.29411762952804565;0.615384578704834;0.29411762952804565
100083;102987;0.0;0.7333333492279053;0.0;0.1764705777168274;0.30434781312942505;0.13513511419296265;0.30434781312942505;0.13513511419296265
102987;107056;0.0;1.0;0.0;0.8571428656578064;1.0;0.2777777910232544;1.0;0.2777777910232544
105760;107779;0.0;1.0;0.0;0.625;0.5714285373687744;0.4117646813392639;0.5714285373687744;0.4117646813392639
105156;105760;0.0;1.0;0.0;0.8333333134651184;0.6666666269302368;0.7647058963775635;0.6666666269302368;0.7647058963775635
100083;105760;0.0;0.75;0.0;0.20588237047195435;0.3913043737411499;0.35135138034820557;0.3913043737411499;0.35135138034820557
105760;107056;0.0;1.0;0.0;0.5833333730697632;0.615384578704834;0.7777777910232544;0.615384578704834;0.7777777910232544
100083;107779;0.0;0.7333333492279053;0.0;0.1764705777168274;0.260869562625885;0.21621620655059814;0.260869562625885;0.21621620655059814
107056;107779;0.0;1.0;0.0;0.4375;0.5714285373687744;0.4444444179534912;0.5714285373687744;0.4444444179534912
100083;105156;0.0;0.7333333492279053;0.0;0.1764705777168274;0.3478260636329651;0.35135138034820557;0.3478260636329651;0.35135138034820557
105156;107056;0.0;1.0;0.0;0.5833333730697632;0.4444444179534912;0.9444444179534912;0.4444444179534912;0.9444444179534912
100083;107056;0.0;1.0;0.0;0.1764705777168274;0.30434781312942505;0.35135138034820557;0.30434781312942505;0.35135138034820557
101756;102013;0.0;0.6500000357627869;1.0;0.1944444179534912;0.1666666865348816;0.1666666865348816;0.1666666865348816;0.1666666865348816
101821;105944;0.0;0.36666664481163025;1.0;0.1538461446762085;0.17391306161880493;0.125;0.17391306161880493;0.125
103846;105944;0.0;0.6800000071525574;1.0;0.1499999761581421;0.25;0.3333333134651184;0.25;0.3333333134651184
101821;103846;0.0;0.46666663885116577;1.0;0.23076921701431274;0.30434781312942505;0.25;0.30434781312942505;0.25
100054;100856;0.0;1.0;0.0;0.6363636255264282;0.800000011920929;0.47058820724487305;0.800000011920929;0.47058820724487305
100054;105076;0.0;1.0;0.0;0.7272727489471436;0.7333333492279053;0.29411762952804565;0.7333333492279053;0.29411762952804565
100054;104310;0.0;1.0;0.0;0.3478260636329651;0.8666666746139526;0.529411792755127;0.8666666746139526;0.529411792755127
103888;108274;0.0;0.45625001192092896;1.0;0.08695650100708008;0.2083333134651184;0.125;0.2083333134651184;0.125
103663;103676;0.0;0.6404761672019958;1.0;0.1764705777168274;0.15625;0.19999998807907104;0.15625;0.19999998807907104
103663;103672;0.0;0.44999998807907104;1.0;0.1764705777168274;0.12121212482452393;0.24242424964904785;0.12121212482452393;0.24242424964904785
103672;103676;0.0;0.800000011920929;1.0;0.24242424964904785;0.12121212482452393;0.19999998807907104;0.12121212482452393;0.19999998807907104
102762;103690;0.0;0.6187499761581421;1.0;0.10344827175140381;0.16326528787612915;0.12903225421905518;0.16326528787612915;0.12903225421905518
105518;107620;0.0;1.0;0.0;0.6499999761581421;0.3571428656578064;0.8333333134651184;0.3571428656578064;0.8333333134651184
101465;108771;0.0;0.3288888931274414;1.0;0.1428571343421936;0.0476190447807312;0.1428571343421936;0.0476190447807312;0.1428571343421936
103668;108771;0.0;0.3444444239139557;1.0;0.18000000715255737;0.25531917810440063;0.17142856121063232;0.25531917810440063;0.17142856121063232
108771;108962;0.0;0.75;1.0;0.2571428418159485;0.18421053886413574;0.2857142686843872;0.18421053886413574;0.2857142686843872
101465;103668;0.0;0.5638889074325562;1.0;0.19999998807907104;0.1702127456665039;0.192307710647583;0.1702127456665039;0.192307710647583
101465;108962;0.0;0.44166669249534607;1.0;0.23529410362243652;0.18421053886413574;0.12000000476837158;0.18421053886413574;0.12000000476837158
103668;108962;0.0;0.36666667461395264;1.0;0.1600000262260437;0.1702127456665039;0.07692307233810425;0.1702127456665039;0.07692307233810425
104051;108932;0.0;0.800000011920929;1.0;0.1666666865348816;0.18000000715255737;0.15094339847564697;0.18000000715255737;0.15094339847564697
104051;108843;0.0;0.7333333492279053;1.0;0.10000002384185791;0.13513511419296265;0.0952380895614624;0.13513511419296265;0.0952380895614624
103114;104051;0.0;0.472222238779068;1.0;0.1538461446762085;0.13513511419296265;0.19565218687057495;0.13513511419296265;0.19565218687057495
108843;108932;0.0;0.665925920009613;1.0;0.1499999761581421;0.19999998807907104;0.1320754885673523;0.19999998807907104;0.1320754885673523
103114;108932;0.0;0.4055555760860443;1.0;0.23333334922790527;0.13999998569488525;0.15094339847564697;0.13999998569488525;0.15094339847564697
103114;108843;0.0;0.2944444417953491;1.0;0.12820512056350708;0.15625;0.1521739363670349;0.15625;0.1521739363670349
102970;108596;0.0;0.5300000309944153;1.0;0.15909093618392944;0.08571428060531616;0.1818181872367859;0.08571428060531616;0.1818181872367859
102670;104343;0.0;1.0;0.0;1.0;1.0;0.949999988079071;1.0;0.949999988079071
102697;103567;0.0;1.0;0.5555555820465088;0.125;0.1818181872367859;0.07142859697341919;0.1818181872367859;0.07142859697341919
100128;102309;0.0;0.5444444417953491;1.0;0.09090906381607056;0.22580647468566895;0.2549019455909729;0.22580647468566895;0.2549019455909729
101873;102984;0.0;0.7946666479110718;1.0;0.08695650100708008;0.1538461446762085;0.26923078298568726;0.1538461446762085;0.26923078298568726
101502;109469;0.0;1.0;0.0;0.4285714030265808;0.2857142686843872;0.5;0.2857142686843872;0.5
103424;108429;0.0;1.0;0.0;0.0;0.8571428656578064;0.3636363744735718;0.8571428656578064;0.3636363744735718
101983;108733;0.0;0.6333333253860474;1.0;0.41428571939468384;0.1086956262588501;0.1764705777168274;0.1086956262588501;0.1764705777168274
7211;7614;1.0;0.8333333134651184;1.0;0.07692307233810425;0.06666666269302368;0.13333332538604736;0.06666666269302368;0.13333332538604736
105901;107999;0.0;0.48750001192092896;1.0;0.23076921701431274;0.1666666865348816;0.10526317358016968;0.1666666865348816;0.10526317358016968
102948;105901;0.0;0.699999988079071;1.0;0.25;0.04166668653488159;0.1538461446762085;0.04166668653488159;0.1538461446762085
102948;107999;0.0;1.0;1.0;0.25;0.1666666865348816;0.13461536169052124;0.1666666865348816;0.13461536169052124
100558;105131;0.0;1.0;0.0;0.3999999761581421;0.5;0.8181818127632141;0.5;0.8181818127632141
101554;108329;0.0;0.43333330750465393;1.0;0.16129034757614136;0.17241376638412476;0.1071428656578064;0.17241376638412476;0.1071428656578064
100708;101442;0.0;1.0;0.0;0.48275864124298096;0.8181818127632141;0.7727272510528564;0.8181818127632141;0.7727272510528564
103676;108771;0.0;0.6499999761581421;1.0;0.08571428060531616;0.21875;0.1428571343421936;0.21875;0.1428571343421936
101613;108771;0.0;1.0;1.0;0.17142856121063232;0.14035087823867798;0.10526317358016968;0.14035087823867798;0.10526317358016968
104424;108771;0.0;0.5040000081062317;1.0;0.1666666865348816;0.0952380895614624;0.1428571343421936;0.0952380895614624;0.1428571343421936
101613;103676;0.0;0.3499999940395355;1.0;0.19354838132858276;0.19298243522644043;0.10526317358016968;0.19298243522644043;0.10526317358016968
103676;104424;0.0;0.875;1.0;0.125;0.1875;0.2571428418159485;0.1875;0.2571428418159485
101613;104424;0.0;1.0;1.0;0.1875;0.14035087823867798;0.13157892227172852;0.14035087823867798;0.13157892227172852
101462;104009;0.0;0.9111111164093018;1.0;0.09677422046661377;0.02499997615814209;0.07499998807907104;0.02499997615814209;0.07499998807907104
104009;109714;0.0;1.0;1.0;0.0;0.04166668653488159;0.050000011920928955;0.04166668653488159;0.050000011920928955
104009;109608;0.0;1.0;1.0;0.12903225421905518;0.05263155698776245;0.050000011920928955;0.05263155698776245;0.050000011920928955
107994;108153;0.0;0.591688334941864;1.0;0.22857141494750977;0.260869562625885;0.19999998807907104;0.260869562625885;0.19999998807907104
100832;109238;0.0;0.2199999839067459;1.0;0.5;0.5;0.5;0.5;0.5
103232;109238;0.0;0.7200000286102295;1.0;0.3333333134651184;0.3333333134651184;0.3333333134651184;0.3333333134651184;0.3333333134651184
100832;103232;0.0;0.22634921967983246;1.0;0.6666666269302368;0.6666666269302368;0.6666666269302368;0.6666666269302368;0.6666666269302368
109040;109732;0.0;0.8999999761581421;1.0;0.5357142686843872;0.19512194395065308;0.05128204822540283;0.19512194395065308;0.05128204822540283
103832;109040;0.0;1.0;1.0;0.2142857313156128;0.24390244483947754;0.10256409645080566;0.24390244483947754;0.10256409645080566
104632;105815;0.0;0.5200000405311584;1.0;0.9230769276618958;0.0;0.08333331346511841;0.0;0.08333331346511841
103548;106936;0.0;0.4238095283508301;1.0;0.10526317358016968;0.07692307233810425;0.06666666269302368;0.07692307233810425;0.06666666269302368
104633;105276;0.0;0.6800000071525574;0.7777778506278992;0.125;0.5714285373687744;0.5;0.5714285373687744;0.5
10578;10628;1.0;0.8083333373069763;1.0;0.6666666269302368;0.31707316637039185;0.5161290168762207;0.31707316637039185;0.5161290168762207
10383;7852;1.0;1.0;1.0;1.0;1.0;1.0;1.0;1.0
10383;8029;1.0;1.0;1.0;1.0;1.0;1.0;1.0;1.0
5426;7869;1.0;1.0;1.0;1.0;1.0;0.9285714030265808;1.0;0.9285714030265808
10064;2819;1.0;1.0;1.0;1.0;1.0;1.0;1.0;1.0
4297;8636;1.0;1.0;1.0;1.0;1.0;0.8888888955116272;1.0;0.8888888955116272
4306;8636;1.0;1.0;1.0;1.0;1.0;0.8888888955116272;1.0;0.8888888955116272
3722;8453;1.0;1.0;1.0;1.0;1.0;1.0;1.0;1.0
3722;6719;1.0;1.0;1.0;1.0;1.0;1.0;1.0;1.0
5731;8779;1.0;1.0;1.0;1.0;1.0;1.0;1.0;1.0
2440;5443;1.0;1.0;1.0;1.0;1.0;0.949999988079071;1.0;0.949999988079071
4508;9662;1.0;1.0;1.0;1.0;1.0;0.9629629850387573;1.0;0.9629629850387573
4266;6690;1.0;1.0;1.0;1.0;1.0;1.0;1.0;1.0
3678;6690;1.0;1.0;1.0;1.0;1.0;1.0;1.0;1.0
4481;6716;1.0;1.0;1.0;1.0;1.0;1.0;1.0;1.0
5324;7847;1.0;1.0;1.0;1.0;1.0;0.875;1.0;0.875
10652;9640;1.0;1.0;1.0;1.0;1.0;1.0;1.0;1.0
5912;8949;1.0;1.0;1.0;1.0;1.0;1.0;1.0;1.0
6568;9557;1.0;1.0;1.0;1.0;1.0;1.0;1.0;1.0
