elemento1;elemento2;qtdAlg;min;max;med;duplicata
100558;104099;1;0.833232307434082;0.833232307434082;0.833232307434082;0.0
100083;102987;1;0.9357263211693082;0.9357263211693082;0.9357263211693082;0.0
100717;104310;2;0.8482142984867096;0.8714285850524902;0.8598214417696;0.0
6413;7975;5;0.9555555582046509;1.0;0.975555557012558;1.0
104289;3710;1;0.7819466829299927;0.7819466829299927;0.7819466829299927;0.0
108429;2004;1;0.5808333456516266;0.5808333456516266;0.5808333456516266;0.0
100054;105076;1;0.9097222302641187;0.9097222302641187;0.9097222302641187;0.0
102024;102960;2;0.7832207232713699;0.8046985447406769;0.7939596340060234;0.0
102881;108491;1;0.7163663655519485;0.7163663655519485;0.7163663655519485;0.0
107734;2004;1;0.6042424261569976;0.6042424261569976;0.6042424261569976;0.0
100655;107814;1;0.7217857092618942;0.7217857092618942;0.7217857092618942;0.0
105349;105518;1;0.4969583094120026;0.4969583094120026;0.4969583094120026;0.0
101021;103997;1;0.5732650935649872;0.5732650935649872;0.5732650935649872;0.0
3395;5122;2;1.0;1.0;1.0;1.0
102831;104310;1;0.6228315711021424;0.6228315711021424;0.6228315711021424;0.0
100558;100856;2;0.8197057098150253;0.8667303383350372;0.8432180240750313;0.0
101021;102670;1;0.7212962925434112;0.7212962925434112;0.7212962925434112;0.0
6382;7920;8;0.9375;1.0;0.9612847222222223;1.0
8364;8526;5;0.9642857015132904;0.9880952338377634;0.980158723062939;1.0
2366;2367;4;0.8708333373069763;0.902222216129303;0.8859490732351938;1.0
100446;105956;1;0.7496894419193267;0.7496894419193267;0.7496894419193267;0.0
100810;105094;2;0.8035714328289032;0.8690476218859354;0.8363095273574193;0.0
103356;103691;1;0.7573717832565308;0.7573717832565308;0.7573717832565308;0.0
5204;7514;2;1.0;1.0;1.0;1.0
104117;109651;1;0.5254185974597931;0.5254185974597931;0.5254185974597931;0.0
103668;108962;1;0.8939732142857143;0.8939732142857143;0.8939732142857143;0.0
104872;107734;1;0.8199134111404419;0.8199134111404419;0.8199134111404419;0.0
100808;106443;1;0.8271029651165008;0.8271029651165008;0.8271029651165008;0.0
100054;100856;1;0.8456491061619351;0.8456491061619351;0.8456491061619351;0.0
100893;109637;1;0.750217393040657;0.750217393040657;0.750217393040657;0.0
104167;104418;1;0.7187373816967011;0.7187373816967011;0.7187373816967011;0.0
100717;105518;1;0.650375920534134;0.650375920534134;0.650375920534134;0.0
100358;103646;2;0.8399999976158142;1.0;0.9199999988079071;0.0
104610;105320;3;0.7802579402923584;0.9888392857142857;0.858422018800463;0.0
8306;8663;2;0.8054545521736145;0.9666666686534882;0.8860606104135513;1.0
102477;102831;1;0.6942470788955688;0.6942470788955688;0.6942470788955688;0.0
102826;105175;1;0.7508771866559982;0.7508771866559982;0.7508771866559982;0.0
4563;5122;2;0.904166653752327;0.9314170756510326;0.9177918647016798;1.0
5574;7562;2;0.8975000023841858;0.9625000059604645;0.9300000041723251;1.0
104289;104872;1;0.6170777022838593;0.6170777022838593;0.6170777022838593;0.0
102987;105956;1;0.8006132781505585;0.8006132781505585;0.8006132781505585;0.0
102514;104289;1;0.6393533945083618;0.6393533945083618;0.6393533945083618;0.0
109420;109429;1;0.7395161241292953;0.7395161241292953;0.7395161241292953;0.0
100856;104289;1;0.623323279619217;0.623323279619217;0.623323279619217;0.0
105156;108216;1;0.7884920716285706;0.7884920716285706;0.7884920716285706;0.0
100558;105076;1;0.7507639169692993;0.7507639169692993;0.7507639169692993;0.0
4441;7515;1;1.0;1.0;1.0;1.0
103100;106684;1;0.8090908944606781;0.8090908944606781;0.8090908944606781;0.0
8260;8445;4;0.90625;0.9412202388048172;0.9211185545557075;1.0
100717;101021;1;0.7650000035762787;0.7650000035762787;0.7650000035762787;0.0
6992;7802;4;0.8304762005805969;0.9333333373069763;0.8912996118267378;1.0
102120;108216;1;0.7083333253860473;0.7083333253860473;0.7083333253860473;0.0
105076;108429;1;0.6338888883590699;0.6338888883590699;0.6338888883590699;0.0
101502;104418;1;0.7303030252456665;0.7303030252456665;0.7303030252456665;0.0
101480;107521;1;0.5489393830299377;0.5489393830299377;0.5489393830299377;0.0
104117;108429;1;0.7215807139873505;0.7215807139873505;0.7215807139873505;0.0
105179;107116;1;0.7444597035646439;0.7444597035646439;0.7444597035646439;0.0
7192;7778;4;1.0;1.0;1.0;1.0
6354;8424;2;0.9666666686534882;0.9833333343267441;0.9750000014901161;1.0
102987;104418;1;0.7643939256668091;0.7643939256668091;0.7643939256668091;0.0
3159;9969;1;0.9947916716337204;0.9947916716337204;0.9947916716337204;1.0
3356;6955;1;1.0;1.0;1.0;1.0
104823;108894;1;0.7601851671934128;0.7601851671934128;0.7601851671934128;0.0
101931;105268;1;0.7423076927661896;0.7423076927661896;0.7423076927661896;0.0
102762;103690;1;0.902597399694579;0.902597399694579;0.902597399694579;0.0
102670;104872;1;0.7458730101585388;0.7458730101585388;0.7458730101585388;0.0
100717;102477;1;0.6453571438789367;0.6453571438789367;0.6453571438789367;0.0
101465;108771;1;0.8830049272094455;0.8830049272094455;0.8830049272094455;0.0
10107;7341;1;1.0;1.0;1.0;1.0
7542;8823;4;0.8953488369782766;1.0;0.9462347704030218;1.0
7653;8029;6;0.8819444477558136;0.9725274741649628;0.9203322182099024;1.0
104620;108430;1;0.7178571373224258;0.7178571373224258;0.7178571373224258;0.0
101502;102120;1;0.7680555582046509;0.7680555582046509;0.7680555582046509;0.0
100054;108216;1;0.7253968238830566;0.7253968238830566;0.7253968238830566;0.0
109053;109245;2;1.0;1.0;1.0;0.0
2004;3710;3;1.0;1.0;1.0;1.0
104099;3710;1;0.5440476179122925;0.5440476179122925;0.5440476179122925;0.0
105098;105148;1;0.6858974397182465;0.6858974397182465;0.6858974397182465;0.0
105148;107056;1;0.7336080491542816;0.7336080491542816;0.7336080491542816;0.0
102401;102567;1;0.7020833343267441;0.7020833343267441;0.7020833343267441;0.0
100558;100717;1;0.8029411911964417;0.8029411911964417;0.8029411911964417;0.0
5657;5681;1;0.8703703731298447;0.8703703731298447;0.8703703731298447;1.0
108843;108932;1;0.9242424219846725;0.9242424219846725;0.9242424219846725;0.0
103424;106443;1;0.8192927241325378;0.8192927241325378;0.8192927241325378;0.0
5371;5959;2;0.9027777731418609;0.9861111044883728;0.9444444388151169;1.0
106421;109222;1;0.7363636344671249;0.7363636344671249;0.7363636344671249;0.0
102831;105518;1;0.8052478849887847;0.8052478849887847;0.8052478849887847;0.0
102514;108429;1;0.600555557012558;0.600555557012558;0.600555557012558;0.0
3539;4190;1;0.984375;0.984375;0.984375;1.0
100558;109651;1;0.5701680719852448;0.5701680719852448;0.5701680719852448;0.0
104872;105349;1;0.7019047677516937;0.7019047677516937;0.7019047677516937;0.0
11423;11538;3;0.9312500059604645;0.989999994635582;0.9670833299557368;1.0
100170;100358;1;0.9500000029802322;0.9500000029802322;0.9500000029802322;0.0
100717;104872;1;0.7890476286411285;0.7890476286411285;0.7890476286411285;0.0
7525;8995;6;0.8812499940395355;0.9524999976158142;0.9136359096519531;1.0
102670;103997;1;0.6078947424888611;0.6078947424888611;0.6078947424888611;0.0
3792;8891;6;0.8938405811786652;0.9372463822364807;0.9114714215199152;1.0
100856;104099;1;0.8075757384300232;0.8075757384300232;0.8075757384300232;0.0
105349;2004;1;0.5075757563114166;0.5075757563114166;0.5075757563114166;0.0
101107;109637;1;0.7064990997314453;0.7064990997314453;0.7064990997314453;0.0
107340;107990;1;0.8076923042535782;0.8076923042535782;0.8076923042535782;0.0
101164;103339;1;0.6985197365283966;0.6985197365283966;0.6985197365283966;0.0
4124;6737;3;0.9234693816729954;1.0;0.9744897938909984;1.0
102390;102394;2;0.8010714203119278;0.8257504820823669;0.8134109511971473;0.0
109081;109197;1;0.7822377979755402;0.7822377979755402;0.7822377979755402;0.0
106868;108869;1;0.7227011471986771;0.7227011471986771;0.7227011471986771;0.0
2771;5458;4;0.9791666567325592;0.9930555522441864;0.9881365684171518;1.0
10383;7653;6;0.8819444477558136;0.9725274741649628;0.9203322182099024;1.0
105590;109716;1;0.7592105269432068;0.7592105269432068;0.7592105269432068;0.0
10119;7664;4;0.9375;0.9609127044677734;0.948007609281275;1.0
108746;109003;1;0.7516025602817535;0.7516025602817535;0.7516025602817535;0.0
2571;9019;1;1.0;1.0;1.0;1.0
100054;101502;1;0.6541666686534882;0.6541666686534882;0.6541666686534882;0.0
100558;102831;1;0.5902228832244873;0.5902228832244873;0.5902228832244873;0.0
102514;104117;1;0.5512339472770691;0.5512339472770691;0.5512339472770691;0.0
7123;9038;1;0.960526317358017;0.960526317358017;0.960526317358017;1.0
102987;105760;1;0.9113906813519341;0.9113906813519341;0.9113906813519341;0.0
3670;7515;8;0.9347826242446899;0.974456524848938;0.9482148326105541;1.0
105016;107434;2;1.0;1.0;1.0;0.0
104117;104289;1;0.5646855235099792;0.5646855235099792;0.5646855235099792;0.0
100466;108786;1;0.7264705896377563;0.7264705896377563;0.7264705896377563;0.0
102831;104117;1;0.5835891008377075;0.5835891008377075;0.5835891008377075;0.0
105701;105923;1;0.7350852340459824;0.7350852340459824;0.7350852340459824;0.0
103997;104872;1;0.6446491003036499;0.6446491003036499;0.6446491003036499;0.0
100446;102987;1;0.7514492750167847;0.7514492750167847;0.7514492750167847;0.0
100856;109651;1;0.6366246283054352;0.6366246283054352;0.6366246283054352;0.0
101480;104418;1;0.5423737347126008;0.5423737347126008;0.5423737347126008;0.0
100446;103830;1;0.5965579688549042;0.5965579688549042;0.5965579688549042;0.0
100701;106582;1;0.7056547701358795;0.7056547701358795;0.7056547701358795;0.0
102477;102514;1;0.8019047617912293;0.8019047617912293;0.8019047617912293;0.0
101021;102514;1;0.5687301695346832;0.5687301695346832;0.5687301695346832;0.0
4124;7722;3;0.9234693816729954;1.0;0.9744897938909984;1.0
4145;4886;7;0.833766233921051;1.0;0.9666578321432581;1.0
101480;102120;1;0.6563636422157287;0.6563636422157287;0.6563636422157287;0.0
3670;7769;3;0.8785024285316467;0.936141312122345;0.9164754549662272;1.0
11006;11008;2;1.0;1.0;1.0;1.0
104418;108216;1;0.7601010084152222;0.7601010084152222;0.7601010084152222;0.0
105076;109651;1;0.649707168340683;0.649707168340683;0.649707168340683;0.0
101465;108962;1;0.9137930997780391;0.9137930997780391;0.9137930997780391;0.0
105723;107973;1;1.0;1.0;1.0;0.0
104310;2004;1;0.6514285802841187;0.6514285802841187;0.6514285802841187;0.0
109651;3710;1;0.7383333384990692;0.7383333384990692;0.7383333384990692;0.0
2619;4520;1;0.8269230723381042;0.8269230723381042;0.8269230723381042;1.0
104733;105907;1;0.8135115563869476;0.8135115563869476;0.8135115563869476;0.0
100717;102670;1;0.7399999856948852;0.7399999856948852;0.7399999856948852;0.0
105374;107336;1;0.7905302941799164;0.7905302941799164;0.7905302941799164;0.0
102948;107999;1;0.9071428605488369;0.9071428605488369;0.9071428605488369;0.0
100170;103646;1;0.8285714268684388;0.8285714268684388;0.8285714268684388;0.0
102446;103731;2;0.7852525264024734;0.8065191388130188;0.7958858326077461;0.0
102477;3710;1;0.6950757563114166;0.6950757563114166;0.6950757563114166;0.0
104872;3710;1;0.6608333170413971;0.6608333170413971;0.6608333170413971;0.0
109241;109438;1;0.8623670190572739;0.8623670190572739;0.8623670190572739;0.0
103830;105956;1;0.7074494957923889;0.7074494957923889;0.7074494957923889;0.0
103672;103676;1;0.8835403685058866;0.8835403685058866;0.8835403685058866;0.0
11531;6210;2;1.0;1.0;1.0;1.0
7794;8890;7;0.9299242496490479;0.9924242496490479;0.9493085679553804;1.0
102514;105349;1;0.6719047725200653;0.6719047725200653;0.6719047725200653;0.0
104167;107521;1;0.8057142853736877;0.8057142853736877;0.8057142853736877;0.0
1858;9637;2;1.0;1.0;1.0;1.0
4441;7769;3;0.9111111164093018;1.0;0.970370372136434;1.0
105156;107779;2;0.7580357074737549;0.9402635970285961;0.8491496522511754;0.0
2187;2418;2;1.0;1.0;1.0;1.0
2823;4684;7;0.9041537642478943;0.960526317358017;0.9280619824216478;1.0
109476;109545;1;0.7324275523424149;0.7324275523424149;0.7324275523424149;0.0
104310;104872;1;0.7605589985847473;0.7605589985847473;0.7605589985847473;0.0
5426;6761;3;0.7366666376590729;0.8916666656732559;0.8261110991239548;1.0
107734;108429;1;0.7338889002799988;0.7338889002799988;0.7338889002799988;0.0
2188;8063;7;0.9066666483879089;1.0;0.9766666615293139;1.0
101502;105956;1;0.7449495017528533;0.7449495017528533;0.7449495017528533;0.0
100717;2004;1;0.6783333420753479;0.6783333420753479;0.6783333420753479;0.0
103056;108216;1;0.8011904716491699;0.8011904716491699;0.8011904716491699;0.0
102835;105958;1;0.7648148238658905;0.7648148238658905;0.7648148238658905;0.0
102514;2004;1;0.6714285731315612;0.6714285731315612;0.6714285731315612;0.0
101983;108733;2;0.7619047611951828;0.9054621798651559;0.8336834705301693;0.0
6858;7653;6;0.80780109167099;0.9111111164093018;0.8614324229104179;1.0
100701;104389;1;0.6679653525352478;0.6679653525352478;0.6679653525352478;0.0
102629;105682;1;0.8361111104488372;0.8361111104488372;0.8361111104488372;0.0
10628;109189;1;0.7727704644203186;0.7727704644203186;0.7727704644203186;0.0
102831;107734;1;0.5750995993614196;0.5750995993614196;0.5750995993614196;0.0
100717;103997;1;0.6473684310913086;0.6473684310913086;0.6473684310913086;0.0
100856;108429;1;0.7366666495800018;0.7366666495800018;0.7366666495800018;0.0
103424;108429;1;0.9011919796466829;0.9011919796466829;0.9011919796466829;0.0
5542;6695;5;0.8653508603572846;0.9791666716337204;0.9318664781914817;1.0
105518;107734;1;0.5906801104545594;0.5906801104545594;0.5906801104545594;0.0
10578;109189;1;0.7969907373189926;0.7969907373189926;0.7969907373189926;0.0
108797;108932;1;0.7104166597127914;0.7104166597127914;0.7104166597127914;0.0
102477;108429;1;0.6161111176013947;0.6161111176013947;0.6161111176013947;0.0
100558;105349;2;0.6929258942604065;0.7376623451709747;0.7152941197156906;0.0
4384;5681;1;0.8703703731298447;0.8703703731298447;0.8703703731298447;1.0
103997;105518;1;0.7735087931156158;0.7735087931156158;0.7735087931156158;0.0
101480;105956;1;0.7141558527946472;0.7141558527946472;0.7141558527946472;0.0
100960;103952;1;0.7953571379184723;0.7953571379184723;0.7953571379184723;0.0
102024;105032;1;0.7347972989082336;0.7347972989082336;0.7347972989082336;0.0
106206;107125;1;0.7368908375501633;0.7368908375501633;0.7368908375501633;0.0
2577;2581;1;0.9833333343267441;0.9833333343267441;0.9833333343267441;1.0
7211;7614;1;0.9404761833803994;0.9404761833803994;0.9404761833803994;1.0
10230;7653;6;0.8259829163551331;0.9159340709447862;0.8752732058366139;1.0
6620;8349;1;0.8814285844564438;0.8814285844564438;0.8814285844564438;1.0
7898;8422;1;0.9888889044523239;0.9888889044523239;0.9888889044523239;1.0
7134;9695;1;1.0;1.0;1.0;1.0
7008;8831;1;1.0;1.0;1.0;1.0
104167;104396;1;0.7483760595321656;0.7483760595321656;0.7483760595321656;0.0
6922;9161;7;0.9000000059604645;0.9618181824684143;0.9252813868579411;1.0
108752;109347;1;0.7687499821186066;0.7687499821186066;0.7687499821186066;0.0
100856;102831;1;0.6421836316585541;0.6421836316585541;0.6421836316585541;0.0
101502;103830;1;0.8583333373069764;0.8583333373069764;0.8583333373069764;0.0
104862;107811;1;0.67441725730896;0.67441725730896;0.67441725730896;0.0
103997;104310;1;0.6369957566261292;0.6369957566261292;0.6369957566261292;0.0
102670;104117;1;0.6647509157657623;0.6647509157657623;0.6647509157657623;0.0
102987;107056;1;0.9072356202772686;0.9072356202772686;0.9072356202772686;0.0
7363;8118;1;0.9772727191448212;0.9772727191448212;0.9772727191448212;1.0
101457;108188;1;0.7465277910232544;0.7465277910232544;0.7465277910232544;0.0
102666;105709;2;0.8183412492275238;0.9744245558977127;0.8963829025626182;0.0
105618;106271;1;0.7652173936367035;0.7652173936367035;0.7652173936367035;0.0
107734;109651;1;0.649707168340683;0.649707168340683;0.649707168340683;0.0
101502;102987;1;0.7792748987674714;0.7792748987674714;0.7792748987674714;0.0
103056;105956;1;0.7091269850730896;0.7091269850730896;0.7091269850730896;0.0
101021;107734;1;0.7509680092334747;0.7509680092334747;0.7509680092334747;0.0
1818;7075;2;0.8763888875643412;0.9072916656732559;0.8918402766187985;1.0
102831;104289;1;0.7734481453895569;0.7734481453895569;0.7734481453895569;0.0
107779;108216;1;0.6904761791229248;0.6904761791229248;0.6904761791229248;0.0
104099;104872;1;0.6836507976055145;0.6836507976055145;0.6836507976055145;0.0
103853;107581;1;0.7391666769981384;0.7391666769981384;0.7391666769981384;0.0
104389;108239;1;0.7741776406764984;0.7741776406764984;0.7741776406764984;0.0
5776;9008;3;0.9120000004768372;1.0;0.9706666668256124;1.0
104167;107779;1;0.6567857086658477;0.6567857086658477;0.6567857086658477;0.0
11531;3134;2;1.0;1.0;1.0;1.0
100717;105349;1;0.6857142627239228;0.6857142627239228;0.6857142627239228;0.0
103155;106396;1;0.7416666746139526;0.7416666746139526;0.7416666746139526;0.0
105076;107734;1;0.8227272689342499;0.8227272689342499;0.8227272689342499;0.0
100054;103830;1;0.6174999952316285;0.6174999952316285;0.6174999952316285;0.0
100708;101442;1;0.9227678584200997;0.9227678584200997;0.9227678584200997;0.0
3529;4114;1;0.9880952388048172;0.9880952388048172;0.9880952388048172;1.0
100198;106489;1;1.0;1.0;1.0;0.0
108429;3710;1;0.5808333456516266;0.5808333456516266;0.5808333456516266;0.0
102477;104289;1;0.6436527788639068;0.6436527788639068;0.6436527788639068;0.0
104734;105358;1;0.7238235175609589;0.7238235175609589;0.7238235175609589;0.0
10785;10833;2;0.949999988079071;0.9749999940395355;0.9624999910593033;1.0
8630;8805;3;0.887766549984614;0.9326599299907684;0.9092779609892103;1.0
3475;8592;1;0.9565972238779068;0.9565972238779068;0.9565972238779068;1.0
7199;8683;2;0.8597560971975327;0.8734478950500488;0.8666019961237907;1.0
101021;105518;1;0.5689327359199524;0.5689327359199524;0.5689327359199524;0.0
101021;104310;1;0.8116762816905976;0.8116762816905976;0.8116762816905976;0.0
101830;108369;1;0.7423780560493469;0.7423780560493469;0.7423780560493469;0.0
104418;105156;1;0.785317462682724;0.785317462682724;0.785317462682724;0.0
102120;102987;1;0.8261363625526428;0.8261363625526428;0.8261363625526428;0.0
100558;104117;1;0.7538029372692108;0.7538029372692108;0.7538029372692108;0.0
102514;102831;1;0.6818341195583344;0.6818341195583344;0.6818341195583344;0.0
102120;103830;1;0.7305555462837219;0.7305555462837219;0.7305555462837219;0.0
4709;4710;4;0.84375;1.0;0.9148263891537984;1.0
105799;107472;1;0.9086538702249527;0.9086538702249527;0.9086538702249527;0.0
102831;105349;1;0.4929938495159149;0.4929938495159149;0.4929938495159149;0.0
102670;2004;1;0.598333340883255;0.598333340883255;0.598333340883255;0.0
102617;109429;1;0.6963768154382706;0.6963768154382706;0.6963768154382706;0.0
6919;8060;7;0.8749999880790711;1.0;0.9639971083118802;1.0
5746;8097;1;0.7757142722606659;0.7757142722606659;0.7757142722606659;1.0
3670;4441;9;0.9347826242446899;0.974456524848938;0.9486115980926224;1.0
104389;104862;1;0.745592936873436;0.745592936873436;0.745592936873436;0.0
100856;105076;2;0.8069805026054382;0.8819399369614466;0.8444602197834423;0.0
105518;107620;1;0.9191834032535553;0.9191834032535553;0.9191834032535553;0.0
104289;105349;1;0.48887215852737426;0.48887215852737426;0.48887215852737426;0.0
100446;102120;1;0.6764492750167846;0.6764492750167846;0.6764492750167846;0.0
103846;105944;1;0.9068322990621839;0.9068322990621839;0.9068322990621839;0.0
103100;106275;1;0.7601002514362335;0.7601002514362335;0.7601002514362335;0.0
102118;108875;1;0.7125000059604645;0.7125000059604645;0.7125000059604645;0.0
104310;105518;1;0.624076497554779;0.624076497554779;0.624076497554779;0.0
4179;4911;7;0.9000000059604645;0.9722222238779068;0.9377954181697634;1.0
106803;107918;2;1.0;1.0;1.0;0.0
6802;7794;7;0.888293668627739;0.961904764175415;0.9147052218043615;1.0
100701;104862;1;0.7338827848434448;0.7338827848434448;0.7338827848434448;0.0
102617;109420;1;0.7170026749372482;0.7170026749372482;0.7170026749372482;0.0
100054;100446;1;0.8020031094551087;0.8020031094551087;0.8020031094551087;0.0
100054;102987;1;0.725;0.725;0.725;0.0
102446;104112;2;0.7776767760515213;0.8044913411140442;0.7910840585827827;0.0
102670;107734;1;0.8015151500701905;0.8015151500701905;0.8015151500701905;0.0
102987;103830;1;0.7852272748947143;0.7852272748947143;0.7852272748947143;0.0
102670;104343;1;0.9435107303517205;0.9435107303517205;0.9435107303517205;0.0
109651;2004;1;0.7383333384990692;0.7383333384990692;0.7383333384990692;0.0
100446;104418;1;0.6359903395175934;0.6359903395175934;0.6359903395175934;0.0
102477;105076;1;0.6931818127632141;0.6931818127632141;0.6931818127632141;0.0
104310;107734;1;0.7673066020011902;0.7673066020011902;0.7673066020011902;0.0
4178;8683;2;0.8597560971975327;0.8734478950500488;0.8666019961237907;1.0
105349;107734;2;0.8272726953029632;0.886363610625267;0.8568181529641151;0.0
103997;107734;1;0.5841228127479553;0.5841228127479553;0.5841228127479553;0.0
102697;103567;1;0.9060846599084991;0.9060846599084991;0.9060846599084991;0.0
100856;102514;1;0.71023810505867;0.71023810505867;0.71023810505867;0.0
101021;102477;1;0.5702441096305847;0.5702441096305847;0.5702441096305847;0.0
10361;7869;7;0.8666666746139526;1.0;0.9636432372388386;1.0
101377;101414;2;0.8061224520206451;0.8443239808082581;0.8252232164144516;0.0
105156;107056;1;0.903273805975914;0.903273805975914;0.903273805975914;0.0
104097;109733;1;0.9186813235282898;0.9186813235282898;0.9186813235282898;0.0
100717;104117;1;0.7382379829883575;0.7382379829883575;0.7382379829883575;0.0
104099;105518;1;0.5280910670757294;0.5280910670757294;0.5280910670757294;0.0
104872;105518;1;0.6543358445167542;0.6543358445167542;0.6543358445167542;0.0
102477;104099;1;0.5842857122421264;0.5842857122421264;0.5842857122421264;0.0
103668;108771;1;0.8883928571428571;0.8883928571428571;0.8883928571428571;0.0
100558;108429;1;0.8088888943195343;0.8088888943195343;0.8088888943195343;0.0
102514;109651;1;0.7269747912883758;0.7269747912883758;0.7269747912883758;0.0
100054;101480;1;0.8004220843315124;0.8004220843315124;0.8004220843315124;0.0
103997;104117;1;0.5990969836711884;0.5990969836711884;0.5990969836711884;0.0
104289;104310;1;0.620225578546524;0.620225578546524;0.620225578546524;0.0
104719;106516;1;0.758055567741394;0.758055567741394;0.758055567741394;0.0
105098;105131;1;0.6550000011920929;0.6550000011920929;0.6550000011920929;0.0
104117;3710;1;0.5626685380935669;0.5626685380935669;0.5626685380935669;0.0
100083;107056;1;0.9031557036297662;0.9031557036297662;0.9031557036297662;0.0
102831;109651;1;0.769701623916626;0.769701623916626;0.769701623916626;0.0
100717;3710;1;0.6783333420753479;0.6783333420753479;0.6783333420753479;0.0
104289;105518;1;0.8076801121234893;0.8076801121234893;0.8076801121234893;0.0
104418;107521;1;0.8239898920059204;0.8239898920059204;0.8239898920059204;0.0
104167;105156;1;0.7261111080646515;0.7261111080646515;0.7261111080646515;0.0
104099;104310;1;0.7833772301673889;0.7833772301673889;0.7833772301673889;0.0
100054;105956;1;0.8236111044883728;0.8236111044883728;0.8236111044883728;0.0
100717;107734;1;0.8104761958122253;0.8104761958122253;0.8104761958122253;0.0
103997;3710;1;0.845087730884552;0.845087730884552;0.845087730884552;0.0
108408;108563;2;0.8399999976158142;1.0;0.9199999988079071;0.0
102670;105518;1;0.6440350830554962;0.6440350830554962;0.6440350830554962;0.0
101873;102984;1;0.9234693816729954;0.9234693816729954;0.9234693816729954;0.0
4520;6174;1;0.8269230723381042;0.8269230723381042;0.8269230723381042;1.0
10361;5426;7;0.8666666746139526;1.0;0.9636432372388386;1.0
101502;109469;1;0.9234693816729954;0.9234693816729954;0.9234693816729954;0.0
102477;109651;1;0.8081996440887451;0.8081996440887451;0.8081996440887451;0.0
5392;9486;1;0.8273051917552948;0.8273051917552948;0.8273051917552948;1.0
104289;107734;1;0.5558933854103089;0.5558933854103089;0.5558933854103089;0.0
100446;101480;1;0.8259420156478882;0.8259420156478882;0.8259420156478882;0.0
107734;3710;1;0.6042424261569976;0.6042424261569976;0.6042424261569976;0.0
101756;102013;1;0.9107142857142857;0.9107142857142857;0.9107142857142857;0.0
101021;104872;1;0.644047611951828;0.644047611951828;0.644047611951828;0.0
102514;104099;1;0.6111110866069793;0.6111110866069793;0.6111110866069793;0.0
103056;103830;1;0.6023809432983398;0.6023809432983398;0.6023809432983398;0.0
101830;107477;1;0.6334603577852249;0.6334603577852249;0.6334603577852249;0.0
5780;5782;2;1.0;1.0;1.0;1.0
106582;108239;1;0.7627083361148834;0.7627083361148834;0.7627083361148834;0.0
104117;105076;1;0.6559232532978058;0.6559232532978058;0.6559232532978058;0.0
105076;105349;1;0.7318181693553925;0.7318181693553925;0.7318181693553925;0.0
100240;100452;1;0.7381395399570465;0.7381395399570465;0.7381395399570465;0.0
102670;104310;1;0.7009730815887452;0.7009730815887452;0.7009730815887452;0.0
104167;108216;1;0.6477777838706971;0.6477777838706971;0.6477777838706971;0.0
104418;107779;1;0.6708333253860473;0.6708333253860473;0.6708333253860473;0.0
8274;8630;3;0.887766549984614;0.9326599299907684;0.9092779609892103;1.0
102394;109139;1;0.7216748744249344;0.7216748744249344;0.7216748744249344;0.0
8370;9876;2;0.9666666686534882;0.9833333343267441;0.9750000014901161;1.0
101021;3710;1;0.6127777695655823;0.6127777695655823;0.6127777695655823;0.0
108908;109258;1;0.7333333343267441;0.7333333343267441;0.7333333343267441;0.0
102514;105076;1;0.7556926548480988;0.7556926548480988;0.7556926548480988;0.0
104872;2004;1;0.6608333170413971;0.6608333170413971;0.6608333170413971;0.0
10361;6761;3;0.8699999988079071;0.9138888865709305;0.887839502427313;1.0
100701;107811;1;0.6941017210483551;0.6941017210483551;0.6941017210483551;0.0
101164;102760;1;0.7338068187236786;0.7338068187236786;0.7338068187236786;0.0
8265;9149;1;1.0;1.0;1.0;1.0
103548;104072;1;0.7415616363286972;0.7415616363286972;0.7415616363286972;0.0
104289;2004;1;0.7819466829299927;0.7819466829299927;0.7819466829299927;0.0
102831;108429;1;0.6046888113021851;0.6046888113021851;0.6046888113021851;0.0
100856;2004;1;0.6772619187831879;0.6772619187831879;0.6772619187831879;0.0
100558;104289;1;0.578135359287262;0.578135359287262;0.578135359287262;0.0
100558;105131;1;0.9138655407088143;0.9138655407088143;0.9138655407088143;0.0
104396;108216;1;0.6961538314819335;0.6961538314819335;0.6961538314819335;0.0
101723;106128;1;0.78125;0.78125;0.78125;0.0
105518;108429;1;0.5533917963504791;0.5533917963504791;0.5533917963504791;0.0
100785;103170;1;0.7458333373069763;0.7458333373069763;0.7458333373069763;0.0
104289;109651;1;0.683860570192337;0.683860570192337;0.683860570192337;0.0
102477;107734;1;0.7215909063816071;0.7215909063816071;0.7215909063816071;0.0
100054;102120;1;0.7649999976158142;0.7649999976158142;0.7649999976158142;0.0
6756;8537;5;0.9441269569926791;0.9821428507566452;0.9617301411098904;1.0
107056;107779;1;0.8690476162093026;0.8690476162093026;0.8690476162093026;0.0
104099;104117;1;0.8288374602794647;0.8288374602794647;0.8288374602794647;0.0
100856;102670;1;0.7814934909343719;0.7814934909343719;0.7814934909343719;0.0
106028;106211;1;0.7666666656732559;0.7666666656732559;0.7666666656732559;0.0
4179;4732;7;0.9000000059604645;0.9722222238779068;0.9377954181697634;1.0
102390;109139;1;0.7302955687046051;0.7302955687046051;0.7302955687046051;0.0
100446;105156;1;0.7421842813491821;0.7421842813491821;0.7421842813491821;0.0
109199;109365;1;0.7455882430076599;0.7455882430076599;0.7455882430076599;0.0
104310;105349;1;0.6986730575561524;0.6986730575561524;0.6986730575561524;0.0
101243;101298;1;0.7443589717149734;0.7443589717149734;0.7443589717149734;0.0
7344;8291;6;0.9161184132099152;0.966447365283966;0.9359283560955965;1.0
100558;3710;1;0.602899169921875;0.602899169921875;0.602899169921875;0.0
102670;104099;1;0.7469841182231903;0.7469841182231903;0.7469841182231903;0.0
103663;103676;1;0.922360245670591;0.922360245670591;0.922360245670591;0.0
100558;102477;1;0.6872899115085602;0.6872899115085602;0.6872899115085602;0.0
103663;103672;1;0.902597399694579;0.902597399694579;0.902597399694579;0.0
102670;3710;1;0.598333340883255;0.598333340883255;0.598333340883255;0.0
102120;105956;1;0.8482323288917542;0.8482323288917542;0.8482323288917542;0.0
100054;104418;1;0.6433333218097687;0.6433333218097687;0.6433333218097687;0.0
100558;101021;1;0.7538876116275788;0.7538876116275788;0.7538876116275788;0.0
103830;104167;1;0.7674999952316284;0.7674999952316284;0.7674999952316284;0.0
11530;5099;1;1.0;1.0;1.0;1.0
104396;107779;1;0.8046428561210632;0.8046428561210632;0.8046428561210632;0.0
100785;103181;1;0.7666666656732559;0.7666666656732559;0.7666666656732559;0.0
101555;108876;1;0.8118459105491638;0.8118459105491638;0.8118459105491638;0.0
100054;104310;1;0.8668109689440047;0.8668109689440047;0.8668109689440047;0.0
104099;107734;1;0.7867604434490204;0.7867604434490204;0.7867604434490204;0.0
10102;8140;1;0.8983239233493805;0.8983239233493805;0.8983239233493805;1.0
100558;105518;1;0.5660238862037659;0.5660238862037659;0.5660238862037659;0.0
101480;101502;1;0.5565800607204437;0.5565800607204437;0.5565800607204437;0.0
100446;104167;1;0.6634575486183166;0.6634575486183166;0.6634575486183166;0.0
107811;108239;1;0.7526315748691559;0.7526315748691559;0.7526315748691559;0.0
7515;7769;3;0.9111111164093018;1.0;0.970370372136434;1.0
102670;109651;1;0.6429971992969513;0.6429971992969513;0.6429971992969513;0.0
108771;108962;2;0.7517857104539871;0.9175824224948883;0.8346840664744377;0.0
4490;7121;3;0.8333333283662796;0.9333333313465119;0.8851851817634371;1.0
100893;101107;1;0.7526190429925919;0.7526190429925919;0.7526190429925919;0.0
100717;105076;1;0.7671428442001342;0.7671428442001342;0.7671428442001342;0.0
100785;106212;1;0.7603174597024918;0.7603174597024918;0.7603174597024918;0.0
102987;105156;2;0.7467171669006347;0.9560335384947913;0.851375352697713;0.0
7540;8823;6;0.8745819330215454;0.9615384638309479;0.9153065033848323;1.0
103114;108843;1;0.8538961048637117;0.8538961048637117;0.8538961048637117;0.0
102514;103997;1;0.6499248087406159;0.6499248087406159;0.6499248087406159;0.0
100856;103997;1;0.6691353559494019;0.6691353559494019;0.6691353559494019;0.0
105349;109651;1;0.5660147488117218;0.5660147488117218;0.5660147488117218;0.0
104289;105076;1;0.5649842917919159;0.5649842917919159;0.5649842917919159;0.0
102670;108429;1;0.7533333420753479;0.7533333420753479;0.7533333420753479;0.0
100717;104099;1;0.7313491880893708;0.7313491880893708;0.7313491880893708;0.0
5835;9278;1;1.0;1.0;1.0;1.0
101821;103846;1;0.9068322990621839;0.9068322990621839;0.9068322990621839;0.0
101480;102987;1;0.6413636386394501;0.6413636386394501;0.6413636386394501;0.0
106275;106684;1;0.8414672970771789;0.8414672970771789;0.8414672970771789;0.0
101480;103830;1;0.5090151488780975;0.5090151488780975;0.5090151488780975;0.0
101502;108216;1;0.6666666269302368;0.6666666269302368;0.6666666269302368;0.0
100446;104396;1;0.5942586362361908;0.5942586362361908;0.5942586362361908;0.0
103691;107477;1;0.7358172982931137;0.7358172982931137;0.7358172982931137;0.0
102514;102670;1;0.6561904728412629;0.6561904728412629;0.6561904728412629;0.0
103356;108369;1;0.7648148238658905;0.7648148238658905;0.7648148238658905;0.0
103830;107779;1;0.7635714292526246;0.7635714292526246;0.7635714292526246;0.0
102831;104099;1;0.5555291473865509;0.5555291473865509;0.5555291473865509;0.0
100717;100856;1;0.8916666686534882;0.8916666686534882;0.8916666686534882;0.0
102987;108216;1;0.69242422580719;0.69242422580719;0.69242422580719;0.0
103114;108932;1;0.8677248720611844;0.8677248720611844;0.8677248720611844;0.0
105518;109651;1;0.814786970615387;0.814786970615387;0.814786970615387;0.0
5025;9863;6;0.8791666626930237;0.9821428528853825;0.9110515811613628;1.0
105156;105956;1;0.7883838415145874;0.7883838415145874;0.7883838415145874;0.0
100558;104872;1;0.7532212793827057;0.7532212793827057;0.7532212793827057;0.0
102477;104310;1;0.6197205007076263;0.6197205007076263;0.6197205007076263;0.0
7653;7852;6;0.8819444477558136;0.951098904013634;0.9167607898513476;1.0
104396;105156;1;0.7662087857723237;0.7662087857723237;0.7662087857723237;0.0
100128;102309;1;0.9045138912541526;0.9045138912541526;0.9045138912541526;0.0
105076;3710;1;0.6042424261569976;0.6042424261569976;0.6042424261569976;0.0
104862;106582;1;0.6912879049777985;0.6912879049777985;0.6912879049777985;0.0
100446;103056;1;0.8553312599658967;0.8553312599658967;0.8553312599658967;0.0
4441;8151;6;0.9029720276594162;0.9711538404226303;0.9312257175644238;1.0
103997;105349;1;0.504824560880661;0.504824560880661;0.504824560880661;0.0
10000;8664;6;0.9131944477558136;0.96875;0.9353420805048059;1.0
105760;107056;1;0.8745748294251305;0.8745748294251305;0.8745748294251305;0.0
105779;107049;1;0.8017241358757019;0.8017241358757019;0.8017241358757019;0.0
4588;4774;1;0.9166666567325592;0.9166666567325592;0.9166666567325592;1.0
101021;104289;1;0.5925672590732575;0.5925672590732575;0.5925672590732575;0.0
100717;109651;1;0.6697198629379273;0.6697198629379273;0.6697198629379273;0.0
104117;2004;1;0.5626685380935669;0.5626685380935669;0.5626685380935669;0.0
102831;105076;1;0.5750995993614196;0.5750995993614196;0.5750995993614196;0.0
100446;108216;1;0.7903381645679474;0.7903381645679474;0.7903381645679474;0.0
102477;105518;1;0.6827101647853852;0.6827101647853852;0.6827101647853852;0.0
102120;104418;1;0.7628787755966187;0.7628787755966187;0.7628787755966187;0.0
101624;109637;1;0.7173309326171875;0.7173309326171875;0.7173309326171875;0.0
104117;104872;1;0.5988193631172181;0.5988193631172181;0.5988193631172181;0.0
103830;104396;1;0.8948717892169953;0.8948717892169953;0.8948717892169953;0.0
104310;3710;1;0.6514285802841187;0.6514285802841187;0.6514285802841187;0.0
104495;106383;1;0.718141034245491;0.718141034245491;0.718141034245491;0.0
103997;2004;1;0.845087730884552;0.845087730884552;0.845087730884552;0.0
109732;109743;1;0.8916666656732559;0.8916666656732559;0.8916666656732559;0.0
101502;104396;1;0.8649572730064392;0.8649572730064392;0.8649572730064392;0.0
105349;108429;1;0.62833331823349;0.62833331823349;0.62833331823349;0.0
103056;104418;1;0.6357142806053162;0.6357142806053162;0.6357142806053162;0.0
103997;108429;1;0.609473705291748;0.609473705291748;0.609473705291748;0.0
100331;100785;1;0.7430555522441864;0.7430555522441864;0.7430555522441864;0.0
100856;101021;1;0.7300264537334442;0.7300264537334442;0.7300264537334442;0.0
104099;104289;1;0.5439473450183868;0.5439473450183868;0.5439473450183868;0.0
100856;102477;1;0.6797077894210816;0.6797077894210816;0.6797077894210816;0.0
100717;108429;1;0.7127777636051178;0.7127777636051178;0.7127777636051178;0.0
103398;105148;1;0.8025641024112702;0.8025641024112702;0.8025641024112702;0.0
102838;103772;1;0.7422222197055817;0.7422222197055817;0.7422222197055817;0.0
102477;105349;1;0.6468181848526001;0.6468181848526001;0.6468181848526001;0.0
101502;104167;1;0.7276190459728241;0.7276190459728241;0.7276190459728241;0.0
100558;107734;2;0.7694804966449738;0.7890756011009217;0.7792780488729477;0.0
7540;7542;4;0.8425760269165039;0.9615384638309479;0.9037805695618902;1.0
102406;103696;1;0.8048872292041779;0.8048872292041779;0.8048872292041779;0.0
102831;3710;1;0.785797119140625;0.785797119140625;0.785797119140625;0.0
107597;107618;1;0.7325302958488464;0.7325302958488464;0.7325302958488464;0.0
103731;104112;2;0.7947222292423248;0.8067982435226441;0.8007602363824844;0.0
101021;2004;1;0.6127777695655823;0.6127777695655823;0.6127777695655823;0.0
7622;8349;9;0.9117647111415863;1.0;0.9540875587566399;1.0
104099;2004;1;0.5440476179122925;0.5440476179122925;0.5440476179122925;0.0
102948;105901;1;0.9060150342328208;0.9060150342328208;0.9060150342328208;0.0
101021;105349;1;0.7338552057743073;0.7338552057743073;0.7338552057743073;0.0
4184;6950;6;0.8784722238779068;0.9314814905325571;0.9065549710282572;1.0
103830;108216;1;0.6944444298744201;0.6944444298744201;0.6944444298744201;0.0
108429;109651;1;0.5644024074077606;0.5644024074077606;0.5644024074077606;0.0
100083;105156;1;0.9100529083183834;0.9100529083183834;0.9100529083183834;0.0
7731;9868;5;0.7559083104133606;0.9142857193946838;0.8338448107242584;1.0
102542;103492;1;0.7663547247648239;0.7663547247648239;0.7663547247648239;0.0
101925;104169;2;0.8071428537368774;0.8279373407363891;0.8175400972366333;0.0
102193;105236;1;0.7645833343267441;0.7645833343267441;0.7645833343267441;0.0
102670;104289;1;0.548199599981308;0.548199599981308;0.548199599981308;0.0
4843;8794;1;0.9666666686534882;0.9666666686534882;0.9666666686534882;1.0
104310;109651;1;0.6450676083564758;0.6450676083564758;0.6450676083564758;0.0
103997;104289;1;0.8037568986415863;0.8037568986415863;0.8037568986415863;0.0
101821;105944;1;0.8554421748433794;0.8554421748433794;0.8554421748433794;0.0
104099;105349;1;0.7359523594379425;0.7359523594379425;0.7359523594379425;0.0
104289;108429;1;0.5808044910430908;0.5808044910430908;0.5808044910430908;0.0
103398;105131;1;0.7714285850524902;0.7714285850524902;0.7714285850524902;0.0
100083;107779;1;0.8882275181157249;0.8882275181157249;0.8882275181157249;0.0
101554;108329;1;0.9322562345436641;0.9322562345436641;0.9322562345436641;0.0
103691;108369;1;0.6927884668111801;0.6927884668111801;0.6927884668111801;0.0
4676;8097;1;0.8084967255592346;0.8084967255592346;0.8084967255592346;1.0
3670;8151;6;0.8513986021280289;0.9423076957464218;0.8924177684717708;1.0
105518;3710;1;0.8016666829586029;0.8016666829586029;0.8016666829586029;0.0
108380;108482;1;0.752083346247673;0.752083346247673;0.752083346247673;0.0
100856;104872;1;0.824675327539444;0.824675327539444;0.824675327539444;0.0
7794;9063;7;0.888293668627739;0.961904764175415;0.9147052218043615;1.0
103356;107477;1;0.7277777791023254;0.7277777791023254;0.7277777791023254;0.0
103830;105156;1;0.7281745910644531;0.7281745910644531;0.7281745910644531;0.0
100558;104310;1;0.8101969480514526;0.8101969480514526;0.8101969480514526;0.0
107521;108216;1;0.75;0.75;0.75;0.0
4613;6116;1;0.97826087474823;0.97826087474823;0.97826087474823;1.0
100717;104289;1;0.6335588693618774;0.6335588693618774;0.6335588693618774;0.0
104389;107811;1;0.7237689346075058;0.7237689346075058;0.7237689346075058;0.0
102670;105349;1;0.7045454323291779;0.7045454323291779;0.7045454323291779;0.0
101502;105156;1;0.6781746089458466;0.6781746089458466;0.6781746089458466;0.0
101564;108252;3;0.8828571379184723;0.9821428507566452;0.9325132250785827;0.0
10314;2427;3;0.8976535141468048;0.9399671107530594;0.9229508661088489;1.0
101556;105525;1;0.6497946828603745;0.6497946828603745;0.6497946828603745;0.0
102477;104117;1;0.5175123274326324;0.5175123274326324;0.5175123274326324;0.0
101021;104117;1;0.8785066485404969;0.8785066485404969;0.8785066485404969;0.0
7201;8536;1;1.0;1.0;1.0;1.0
102116;104281;1;0.7192810475826263;0.7192810475826263;0.7192810475826263;0.0
105131;105148;1;0.81142857670784;0.81142857670784;0.81142857670784;0.0
6562;8870;4;0.8100000023841858;1.0;0.9344444423913956;1.0
104310;108429;1;0.7249033689498902;0.7249033689498902;0.7249033689498902;0.0
5830;8888;2;0.8166666626930237;0.8908176064491272;0.8537421345710754;1.0
2026;4601;2;1.0;1.0;1.0;1.0
105076;105518;1;0.5906801104545594;0.5906801104545594;0.5906801104545594;0.0
105956;108216;1;0.6702020049095154;0.6702020049095154;0.6702020049095154;0.0
104321;109639;1;0.7833333313465118;0.7833333313465118;0.7833333313465118;0.0
104396;107521;1;0.8307692170143127;0.8307692170143127;0.8307692170143127;0.0
107445;108557;1;0.8547618985176086;0.8547618985176086;0.8547618985176086;0.0
100054;103056;2;0.8276190519332886;0.8361111134290695;0.8318650826811791;0.0
104310;105076;2;0.8335403800010681;0.9080782341105599;0.870809307055814;0.0
100054;107779;1;0.6133333325386048;0.6133333325386048;0.6133333325386048;0.0
103888;108274;1;0.920634925365448;0.920634925365448;0.920634925365448;0.0
104862;108239;1;0.7035839259624481;0.7035839259624481;0.7035839259624481;0.0
100446;101502;1;0.5685299932956696;0.5685299932956696;0.5685299932956696;0.0
103997;105076;1;0.5924561500549317;0.5924561500549317;0.5924561500549317;0.0
103170;103181;1;0.7958333343267441;0.7958333343267441;0.7958333343267441;0.0
107477;108369;1;0.6303864791989326;0.6303864791989326;0.6303864791989326;0.0
7769;8151;1;0.8822649568319321;0.8822649568319321;0.8822649568319321;1.0
104099;109651;1;0.518417340517044;0.518417340517044;0.518417340517044;0.0
102514;104310;1;0.6993167698383331;0.6993167698383331;0.6993167698383331;0.0
1838;7934;2;0.920634925365448;1.0;0.960317462682724;1.0
102611;106749;1;0.7708333283662796;0.7708333283662796;0.7708333283662796;0.0
100558;102514;1;0.6626890778541565;0.6626890778541565;0.6626890778541565;0.0
103056;105156;1;0.7670634984970093;0.7670634984970093;0.7670634984970093;0.0
105760;107779;1;0.8956207398857389;0.8956207398857389;0.8956207398857389;0.0
10314;8640;3;0.946666669845581;1.0;0.9697162144240878;1.0
3134;6210;2;1.0;1.0;1.0;1.0
100331;103170;1;0.7496212124824524;0.7496212124824524;0.7496212124824524;0.0
1884;9542;2;0.9297839535607232;0.9473379651705424;0.9385609593656328;1.0
104872;108429;1;0.707619047164917;0.707619047164917;0.707619047164917;0.0
103278;107044;1;0.7322751432657242;0.7322751432657242;0.7322751432657242;0.0
108841;109058;1;0.8152173906564713;0.8152173906564713;0.8152173906564713;0.0
102477;102670;1;0.6878787755966187;0.6878787755966187;0.6878787755966187;0.0
7460;8578;1;0.8582251012325287;0.8582251012325287;0.8582251012325287;1.0
7920;8494;8;0.9064285755157471;0.9888889044523239;0.9329806906245058;1.0
100054;104396;1;0.6171794891357422;0.6171794891357422;0.6171794891357422;0.0
105076;2004;1;0.6042424261569976;0.6042424261569976;0.6042424261569976;0.0
105901;107999;1;0.8928571385996682;0.8928571385996682;0.8928571385996682;0.0
105617;107999;1;0.7529304027557373;0.7529304027557373;0.7529304027557373;0.0
104099;108429;1;0.7492063403129577;0.7492063403129577;0.7492063403129577;0.0
101021;102831;1;0.6034441769123078;0.6034441769123078;0.6034441769123078;0.0
104117;105349;1;0.6894455015659332;0.6894455015659332;0.6894455015659332;0.0
3757;6377;5;0.8026720583438873;0.9519230744668415;0.8865225339219684;1.0
101480;105156;1;0.6446320414543152;0.6446320414543152;0.6446320414543152;0.0
6761;7869;3;0.7366666376590729;0.8916666656732559;0.8261110991239548;1.0
100893;101624;1;0.7368181794881821;0.7368181794881821;0.7368181794881821;0.0
103170;106212;1;0.7477904111146927;0.7477904111146927;0.7477904111146927;0.0
10986;7087;1;0.8;0.8;0.8;1.0
100331;103181;1;0.7527777701616287;0.7527777701616287;0.7527777701616287;0.0
100331;106212;1;0.7710497826337814;0.7710497826337814;0.7710497826337814;0.0
4601;8410;1;0.8029040396213531;0.8029040396213531;0.8029040396213531;0.0
4586;7633;7;0.9464646312925551;0.9772727191448212;0.9565827761242449;1.0
105156;107521;1;0.7630952358245849;0.7630952358245849;0.7630952358245849;0.0
3383;6969;9;0.894173875451088;0.9918831139802933;0.933690478220398;1.0
107521;107779;1;0.7261904656887055;0.7261904656887055;0.7261904656887055;0.0
6944;7731;5;0.9000000059604645;0.9436508019765218;0.9292063550816643;1.0
103181;106212;1;0.7180555462837219;0.7180555462837219;0.7180555462837219;0.0
100856;3710;1;0.6772619187831879;0.6772619187831879;0.6772619187831879;0.0
102831;103997;1;0.753188407421112;0.753188407421112;0.753188407421112;0.0
2139;3296;2;0.9166666567325592;0.9436090247971671;0.9301378407648632;1.0
4676;5746;3;0.875;0.9196428571428573;0.8910714280037654;1.0
2317;4988;6;0.9000000059604645;0.9515151480833689;0.9291583636292704;1.0
102120;107521;1;0.7666666567325592;0.7666666567325592;0.7666666567325592;0.0
103997;109651;1;0.7126441240310669;0.7126441240310669;0.7126441240310669;0.0
103830;104418;1;0.7522727131843567;0.7522727131843567;0.7522727131843567;0.0
101515;101521;1;0.9034749077899116;0.9034749077899116;0.9034749077899116;0.0
102477;103997;1;0.7035965025424957;0.7035965025424957;0.7035965025424957;0.0
101502;107521;1;0.8095238029956817;0.8095238029956817;0.8095238029956817;0.0
100732;103846;1;0.7205555438995361;0.7205555438995361;0.7205555438995361;0.0
101480;108216;1;0.6719191789627075;0.6719191789627075;0.6719191789627075;0.0
10312;9807;2;1.0;1.0;1.0;1.0
104418;105956;1;0.739646452665329;0.739646452665329;0.739646452665329;0.0
104117;107734;1;0.6968323409557342;0.6968323409557342;0.6968323409557342;0.0
102424;107480;2;0.8095833361148834;0.8255158841609955;0.8175496101379395;0.0
103114;104051;1;0.901785712156977;0.901785712156977;0.901785712156977;0.0
104512;109129;1;0.7064516246318817;0.7064516246318817;0.7064516246318817;0.0
9421;9489;1;0.9749999940395355;0.9749999940395355;0.9749999940395355;1.0
102970;108596;1;0.9060150342328208;0.9060150342328208;0.9060150342328208;0.0
104872;109651;2;0.710014009475708;0.9042950464146478;0.807154527945178;0.0
10983;11174;2;0.8152272820472717;0.9232323318719864;0.869229806959629;1.0
103056;104167;1;0.6285714209079742;0.6285714209079742;0.6285714209079742;0.0
103645;105876;1;0.7769230753183365;0.7769230753183365;0.7769230753183365;0.0
100856;104310;2;0.8585403859615326;0.9412840115172523;0.8999121987393924;0.0
100558;2004;1;0.602899169921875;0.602899169921875;0.602899169921875;0.0
100717;102514;1;0.6676190495491028;0.6676190495491028;0.6676190495491028;0.0
5185;7072;2;0.8559999823570251;1.0;0.9279999911785126;1.0
102987;107521;2;0.8507575631141663;0.8541666567325592;0.8524621099233627;0.0
102120;103056;1;0.719047611951828;0.719047611951828;0.719047611951828;0.0
4358;6398;2;0.8654761731624603;0.869047611951828;0.8672618925571441;1.0
102670;102831;1;0.6453367471694946;0.6453367471694946;0.6453367471694946;0.0
105538;105923;1;0.714880958199501;0.714880958199501;0.714880958199501;0.0
100054;107521;1;0.6199999928474427;0.6199999928474427;0.6199999928474427;0.0
101502;103056;1;0.5654761672019959;0.5654761672019959;0.5654761672019959;0.0
102831;2004;1;0.785797119140625;0.785797119140625;0.785797119140625;0.0
103997;104099;1;0.5718045055866241;0.5718045055866241;0.5718045055866241;0.0
105358;105700;1;0.7128787785768509;0.7128787785768509;0.7128787785768509;0.0
103719;107550;1;0.7678571492433548;0.7678571492433548;0.7678571492433548;0.0
103804;104425;1;0.7410714328289032;0.7410714328289032;0.7410714328289032;0.0
104051;108932;1;0.9272486780370984;0.9272486780370984;0.9272486780370984;0.0
101502;107779;1;0.7204166769981384;0.7204166769981384;0.7204166769981384;0.0
101693;102395;1;0.7394047677516937;0.7394047677516937;0.7394047677516937;0.0
105098;107056;1;0.8152777791023255;0.8152777791023255;0.8152777791023255;0.0
6547;6741;9;0.9000000059604645;1.0;0.9495414442854163;1.0
102514;107734;1;0.7156926214694976;0.7156926214694976;0.7156926214694976;0.0
100856;105518;1;0.6321616411209107;0.6321616411209107;0.6321616411209107;0.0
100446;107521;1;0.6427536189556122;0.6427536189556122;0.6427536189556122;0.0
100001;100010;2;0.8355769217014313;0.8467152535915374;0.8411460876464844;0.0
108362;108392;1;0.8048484861850739;0.8048484861850739;0.8048484861850739;0.0
3096;3123;3;0.9333333373069763;0.9761904776096344;0.9562247111683799;1.0
104167;105956;1;0.7672799468040467;0.7672799468040467;0.7672799468040467;0.0
105525;106101;1;0.7928125113248825;0.7928125113248825;0.7928125113248825;0.0
100054;105156;1;0.7465079307556153;0.7465079307556153;0.7465079307556153;0.0
102120;104396;1;0.7762820482254028;0.7762820482254028;0.7762820482254028;0.0
103398;107056;2;0.8849206268787384;0.8974206209182739;0.8911706238985062;0.0
108059;108956;1;0.8081395328044891;0.8081395328044891;0.8081395328044891;0.0
7161;8131;1;0.9722222238779068;0.9722222238779068;0.9722222238779068;1.0
10293;7599;2;0.8507575690746307;0.948979594877788;0.8998685819762093;1.0
2252;4733;7;1.0;1.0;1.0;1.0
102960;105032;1;0.7483108043670654;0.7483108043670654;0.7483108043670654;0.0
109296;109299;4;0.8984327713648478;0.9250301122665405;0.9178912142912546;0.0
103056;107779;1;0.6330357074737549;0.6330357074737549;0.6330357074737549;0.0
101480;107779;1;0.5067424237728119;0.5067424237728119;0.5067424237728119;0.0
102831;104872;1;0.643171364068985;0.643171364068985;0.643171364068985;0.0
102477;2004;1;0.6950757563114166;0.6950757563114166;0.6950757563114166;0.0
101480;104396;1;0.5153962671756744;0.5153962671756744;0.5153962671756744;0.0
101465;103668;1;0.9107142857142857;0.9107142857142857;0.9107142857142857;0.0
102514;104872;1;0.7669047594070435;0.7669047594070435;0.7669047594070435;0.0
100446;107779;1;0.5913949251174927;0.5913949251174927;0.5913949251174927;0.0
101021;104099;1;0.7758465468883514;0.7758465468883514;0.7758465468883514;0.0
104872;105076;1;0.7853896260261536;0.7853896260261536;0.7853896260261536;0.0
102987;104396;1;0.8077700078487396;0.8077700078487396;0.8077700078487396;0.0
104396;105956;1;0.7015734314918518;0.7015734314918518;0.7015734314918518;0.0
105518;2004;1;0.8016666829586029;0.8016666829586029;0.8016666829586029;0.0
102120;107779;1;0.6585317373275756;0.6585317373275756;0.6585317373275756;0.0
100856;105349;2;0.7353895962238312;0.8176406770944595;0.7765151366591454;0.0
100558;102670;1;0.7943277180194854;0.7943277180194854;0.7943277180194854;0.0
9333;9450;7;0.9625;1.0;0.9908163265306122;1.0
102120;104167;1;0.7399999976158143;0.7399999976158143;0.7399999976158143;0.0
102760;103339;2;0.8026315718889236;0.8163430333137512;0.8094873026013374;0.0
105538;105701;1;0.7768398225307465;0.7768398225307465;0.7768398225307465;0.0
101830;103356;1;0.6859756112098694;0.6859756112098694;0.6859756112098694;0.0
6314;8464;7;0.9193363785743713;0.9736842066049576;0.9408196020356111;1.0
101021;105076;1;0.7100589215755463;0.7100589215755463;0.7100589215755463;0.0
104389;106582;1;0.7656249850988388;0.7656249850988388;0.7656249850988388;0.0
109532;109725;2;0.9444444477558136;0.9472222179174423;0.945833332836628;0.0
6272;8578;1;0.8582251012325287;0.8582251012325287;0.8582251012325287;1.0
8344;9229;1;0.9583333283662796;0.9583333283662796;0.9583333283662796;1.0
102562;104023;1;0.7739845961332321;0.7739845961332321;0.7739845961332321;0.0
101480;103056;1;0.7824242353439331;0.7824242353439331;0.7824242353439331;0.0
102514;3710;1;0.6714285731315612;0.6714285731315612;0.6714285731315612;0.0
103056;104396;1;0.6560439527034759;0.6560439527034759;0.6560439527034759;0.0
4291;4905;1;1.0;1.0;1.0;1.0
102987;103056;1;0.7142857074737549;0.7142857074737549;0.7142857074737549;0.0
102987;107779;2;0.6923701286315918;0.9278950265475682;0.81013257758958;0.0
100808;103424;1;0.7943783044815064;0.7943783044815064;0.7943783044815064;0.0
11455;5289;5;0.8642534017562866;0.9457013607025146;0.9049773812294006;1.0
103830;107521;1;0.8208333253860474;0.8208333253860474;0.8208333253860474;0.0
101556;106101;1;0.7084375023841858;0.7084375023841858;0.7084375023841858;0.0
6506;6952;3;0.904338624742296;0.9523809552192688;0.9283245161727622;1.0
100054;104167;1;0.6449999928474426;0.6449999928474426;0.6449999928474426;0.0
6811;7429;6;0.8579710245132446;0.97826087474823;0.9346906016270319;1.0
105156;105760;1;0.9319728038140705;0.9319728038140705;0.9319728038140705;0.0
6740;9193;1;0.9807692319154739;0.9807692319154739;0.9807692319154739;1.0
4108;7977;6;0.9057692170143128;1.0;0.9673729767402013;1.0
103398;105098;1;0.8388888895511627;0.8388888895511627;0.8388888895511627;0.0
8301;9114;2;0.8375000059604645;0.8850000023841857;0.8612500041723251;1.0
105349;3710;1;0.5075757563114166;0.5075757563114166;0.5075757563114166;0.0
104051;108843;1;0.902597399694579;0.902597399694579;0.902597399694579;0.0
101021;108429;1;0.6653703629970551;0.6653703629970551;0.6653703629970551;0.0
10578;10628;1;0.8687499910593033;0.8687499910593033;0.8687499910593033;1.0
103878;109649;1;0.7043478339910507;0.7043478339910507;0.7043478339910507;0.0
105956;107779;1;0.6164772748947144;0.6164772748947144;0.6164772748947144;0.0
100083;105760;1;0.7500000042574746;0.7500000042574746;0.7500000042574746;0.0
100701;108239;1;0.6960526406764984;0.6960526406764984;0.6960526406764984;0.0
104117;105518;1;0.5197148323059082;0.5197148323059082;0.5197148323059082;0.0
5010;5205;9;0.8536549746990204;0.9636243390185493;0.9360140363059978;1.0
10320;7581;3;0.9272222369909286;0.9466666728258133;0.9357407490412394;1.0
109274;109278;1;0.7885168641805649;0.7885168641805649;0.7885168641805649;0.0
103350;104042;2;0.9210526347160339;0.9396929889917374;0.9303728118538857;0.0
100856;104117;1;0.7215983092784881;0.7215983092784881;0.7215983092784881;0.0
100717;102831;1;0.6686018407344818;0.6686018407344818;0.6686018407344818;0.0
104099;105076;1;0.7413059055805207;0.7413059055805207;0.7413059055805207;0.0
7515;8151;6;0.9029720276594162;0.9711538404226303;0.9312257175644238;1.0
101021;109651;1;0.5722767114639282;0.5722767114639282;0.5722767114639282;0.0
7094;9189;5;0.8909090876579284;1.0;0.9495670968294144;1.0
5360;8430;7;0.8600699365139007;0.9501748234033585;0.911026156516302;1.0
102120;105156;1;0.8;0.8;0.8;0.0
7361;7750;1;1.0;1.0;1.0;1.0
105131;107056;1;0.746666669845581;0.746666669845581;0.746666669845581;0.0
101830;103691;1;0.7233231663703918;0.7233231663703918;0.7233231663703918;0.0
101107;101624;1;0.75108902156353;0.75108902156353;0.75108902156353;0.0
10240;7367;1;0.9833333343267441;0.9833333343267441;0.9833333343267441;1.0
102477;104872;1;0.815277773141861;0.815277773141861;0.815277773141861;0.0
106582;107811;1;0.7239583283662796;0.7239583283662796;0.7239583283662796;0.0
104734;105700;1;0.7338235229253769;0.7338235229253769;0.7338235229253769;0.0
101480;104167;1;0.5621861398220063;0.5621861398220063;0.5621861398220063;0.0
6620;7622;1;0.8933333307504654;0.8933333307504654;0.8933333307504654;1.0
3086;3215;2;0.8923076868057251;1.0;0.9461538434028626;1.0
103056;107521;1;0.611904752254486;0.611904752254486;0.611904752254486;0.0
100856;107734;2;0.8569805264472962;0.8820346295833588;0.8695075780153274;0.0
100558;103997;1;0.6175188004970551;0.6175188004970551;0.6175188004970551;0.0
102987;104167;1;0.8561688363552094;0.8561688363552094;0.8561688363552094;0.0
104396;104418;1;0.7681235313415528;0.7681235313415528;0.7681235313415528;0.0
102670;105076;1;0.6606060266494751;0.6606060266494751;0.6606060266494751;0.0
104117;104310;1;0.7760701477527618;0.7760701477527618;0.7760701477527618;0.0
2890;2891;2;1.0;1.0;1.0;1.0
102514;105518;1;0.6836841881275177;0.6836841881275177;0.6836841881275177;0.0
105956;107521;1;0.7245670855045319;0.7245670855045319;0.7245670855045319;0.0
