elemento1;elemento2;qtdAlg;min;max;med;duplicata
100558;104099;2;0.7396464794874191;0.833232307434082;0.7864393934607505;0.0
100083;102987;1;0.9357263211693082;0.9357263211693082;0.9357263211693082;0.0
104842;107620;1;0.707939550280571;0.707939550280571;0.707939550280571;0.0
104289;3710;1;0.7819466829299927;0.7819466829299927;0.7819466829299927;0.0
108429;2004;1;0.5808333456516266;0.5808333456516266;0.5808333456516266;0.0
106511;107620;1;0.6821673512458801;0.6821673512458801;0.6821673512458801;0.0
100054;105076;1;0.9097222302641187;0.9097222302641187;0.9097222302641187;0.0
103002;104310;1;0.6949232220649719;0.6949232220649719;0.6949232220649719;0.0
102024;102960;2;0.7832207232713699;0.8046985447406769;0.7939596340060234;0.0
100521;103056;1;0.6960784196853638;0.6960784196853638;0.6960784196853638;0.0
102881;108491;1;0.7163663655519485;0.7163663655519485;0.7163663655519485;0.0
107734;2004;1;0.6042424261569976;0.6042424261569976;0.6042424261569976;0.0
101555;3710;1;0.789483368396759;0.789483368396759;0.789483368396759;0.0
100655;107814;1;0.7217857092618942;0.7217857092618942;0.7217857092618942;0.0
101021;103997;1;0.5732650935649872;0.5732650935649872;0.5732650935649872;0.0
107994;108153;2;0.8829410212735336;0.9031236038125795;0.8930323125430566;0.0
3395;5122;4;0.8573499010956805;1.0;0.9301608890780936;1.0
104500;105760;1;0.7545634806156158;0.7545634806156158;0.7545634806156158;0.0
101021;102670;1;0.7212962925434112;0.7212962925434112;0.7212962925434112;0.0
103676;104424;1;0.8186011885603269;0.8186011885603269;0.8186011885603269;0.0
8364;8526;8;0.9137931034482759;1.0;0.965597924442663;1.0
100810;105094;3;0.8035714328289032;0.8633540402288024;0.836891825594332;0.0
103356;103691;1;0.7573717832565308;0.7573717832565308;0.7573717832565308;0.0
5204;7514;4;0.876811595066734;1.0;0.9396890100847552;1.0
104117;109651;1;0.5254185974597931;0.5254185974597931;0.5254185974597931;0.0
103424;109749;1;0.7795874625444412;0.7795874625444412;0.7795874625444412;0.0
100054;100856;2;0.7812139242887497;0.8456491061619351;0.8134315152253424;0.0
100808;106443;1;0.8271029651165008;0.8271029651165008;0.8271029651165008;0.0
104167;104418;1;0.7187373816967011;0.7187373816967011;0.7187373816967011;0.0
100717;105518;1;0.650375920534134;0.650375920534134;0.650375920534134;0.0
100358;103646;2;0.8399999976158142;1.0;0.9199999988079071;0.0
104610;105320;3;0.7802579402923584;0.9888392857142857;0.858422018800463;0.0
102826;105175;1;0.7508771866559982;0.7508771866559982;0.7508771866559982;0.0
102987;105956;1;0.8006132781505585;0.8006132781505585;0.8006132781505585;0.0
107620;3710;1;0.7448348551988602;0.7448348551988602;0.7448348551988602;0.0
104117;105066;1;0.7108636945486069;0.7108636945486069;0.7108636945486069;0.0
104117;109426;1;0.7185379266738892;0.7185379266738892;0.7185379266738892;0.0
105156;108216;1;0.7884920716285706;0.7884920716285706;0.7884920716285706;0.0
103100;106684;1;0.8090908944606781;0.8090908944606781;0.8090908944606781;0.0
102120;108216;1;0.7083333253860473;0.7083333253860473;0.7083333253860473;0.0
105076;108429;1;0.6338888883590699;0.6338888883590699;0.6338888883590699;0.0
104310;104842;1;0.7637077420949936;0.7637077420949936;0.7637077420949936;0.0
100187;100521;1;0.7485230416059494;0.7485230416059494;0.7485230416059494;0.0
101502;104418;1;0.7303030252456665;0.7303030252456665;0.7303030252456665;0.0
103002;104533;1;0.8665718883275986;0.8665718883275986;0.8665718883275986;0.0
100832;109238;1;0.8374999966472387;0.8374999966472387;0.8374999966472387;0.0
101480;107521;1;0.5489393830299377;0.5489393830299377;0.5489393830299377;0.0
101021;101555;1;0.742147907614708;0.742147907614708;0.742147907614708;0.0
103424;108876;1;0.7645029723644257;0.7645029723644257;0.7645029723644257;0.0
6354;8424;6;0.8172619069616;0.9833333343267441;0.9127401153282556;1.0
102987;104418;1;0.7643939256668091;0.7643939256668091;0.7643939256668091;0.0
3159;9969;3;0.9947916716337204;0.9979166686534882;0.9963617184455845;1.0
3356;6955;2;0.9625000022351742;1.0;0.9812500011175871;1.0
100717;102477;1;0.6453571438789367;0.6453571438789367;0.6453571438789367;0.0
101465;108771;1;0.8830049272094455;0.8830049272094455;0.8830049272094455;0.0
10107;7341;2;0.9910714291036129;1.0;0.9955357145518064;1.0
7542;8823;6;0.8907987864121147;1.0;0.9541865497908913;1.0
100054;109426;1;0.7445279657840729;0.7445279657840729;0.7445279657840729;0.0
108876;109749;1;0.658062532544136;0.658062532544136;0.658062532544136;0.0
109053;109245;3;0.8559006206367327;1.0;0.9519668735455776;0.0
100054;105066;1;0.620107963681221;0.620107963681221;0.620107963681221;0.0
105098;105148;1;0.6858974397182465;0.6858974397182465;0.6858974397182465;0.0
102401;102567;1;0.7020833343267441;0.7020833343267441;0.7020833343267441;0.0
3192;7923;12;0.949999988079071;1.0;0.9789673862897832;1.0
10383;6858;12;0.9223309993743897;0.9666666686534882;0.9372697091470501;1.0
100558;100717;2;0.6842320412397385;0.8029411911964417;0.7435866162180901;0.0
6858;7852;13;0.9199909845302845;0.9666666686534882;0.9392857605123707;1.0
101021;104842;1;0.6946759074926376;0.6946759074926376;0.6946759074926376;0.0
103424;106443;1;0.8192927241325378;0.8192927241325378;0.8192927241325378;0.0
106421;109222;1;0.7363636344671249;0.7363636344671249;0.7363636344671249;0.0
100856;103056;1;0.8526785671710968;0.8526785671710968;0.8526785671710968;0.0
103002;3710;1;0.7068556696176529;0.7068556696176529;0.7068556696176529;0.0
102831;105518;1;0.8052478849887847;0.8052478849887847;0.8052478849887847;0.0
11423;11538;7;0.8250612753132979;0.989999994635582;0.932089939258422;1.0
100717;104872;1;0.7890476286411285;0.7890476286411285;0.7890476286411285;0.0
5426;7869;1;1.0;1.0;1.0;1.0
3792;8891;8;0.8940972288449606;0.9372463822364807;0.9093300912907157;1.0
100856;105066;1;0.7649649530649185;0.7649649530649185;0.7649649530649185;0.0
105349;2004;1;0.5075757563114166;0.5075757563114166;0.5075757563114166;0.0
4124;6737;7;0.8913043478260869;1.0;0.9484540708087598;1.0
101164;103339;1;0.6985197365283966;0.6985197365283966;0.6985197365283966;0.0
103002;103424;1;0.8360092788934708;0.8360092788934708;0.8360092788934708;0.0
102390;102394;2;0.8010714203119278;0.8257504820823669;0.8134109511971473;0.0
104789;105642;1;0.8030690550804138;0.8030690550804138;0.8030690550804138;0.0
10119;7664;5;0.8753235042095184;0.9601449318554092;0.9336250714525797;1.0
105590;109716;1;0.7592105269432068;0.7592105269432068;0.7592105269432068;0.0
103424;104099;1;0.7708333283662796;0.7708333283662796;0.7708333283662796;0.0
108746;109003;1;0.7516025602817535;0.7516025602817535;0.7516025602817535;0.0
100054;101502;1;0.6541666686534882;0.6541666686534882;0.6541666686534882;0.0
102514;104117;1;0.5512339472770691;0.5512339472770691;0.5512339472770691;0.0
102987;105760;1;0.9113906813519341;0.9113906813519341;0.9113906813519341;0.0
3670;7515;9;0.9347826242446899;0.974456524848938;0.9485765486775676;1.0
4306;8636;1;1.0;1.0;1.0;1.0
100856;109426;1;0.7668494284152985;0.7668494284152985;0.7668494284152985;0.0
100466;108786;1;0.7264705896377563;0.7264705896377563;0.7264705896377563;0.0
103997;104872;1;0.6446491003036499;0.6446491003036499;0.6446491003036499;0.0
100446;102987;1;0.7514492750167847;0.7514492750167847;0.7514492750167847;0.0
100856;109651;1;0.6366246283054352;0.6366246283054352;0.6366246283054352;0.0
100446;103830;1;0.5965579688549042;0.5965579688549042;0.5965579688549042;0.0
101480;104418;1;0.5423737347126008;0.5423737347126008;0.5423737347126008;0.0
102477;102514;1;0.8019047617912293;0.8019047617912293;0.8019047617912293;0.0
101613;103676;1;0.710171565413475;0.710171565413475;0.710171565413475;0.0
4145;4886;8;0.833766233921051;1.0;0.9710703468103418;1.0
105066;3710;1;0.6192959100008011;0.6192959100008011;0.6192959100008011;0.0
3670;7769;5;0.867592600484689;0.936141312122345;0.8990601697909659;1.0
104418;108216;1;0.7601010084152222;0.7601010084152222;0.7601010084152222;0.0
101465;108962;1;0.9137930997780391;0.9137930997780391;0.9137930997780391;0.0
109651;3710;1;0.7383333384990692;0.7383333384990692;0.7383333384990692;0.0
2619;4520;1;0.8269230723381042;0.8269230723381042;0.8269230723381042;1.0
100717;102670;1;0.7399999856948852;0.7399999856948852;0.7399999856948852;0.0
104733;105907;1;0.8135115563869476;0.8135115563869476;0.8135115563869476;0.0
6798;9068;1;0.8619791679084301;0.8619791679084301;0.8619791679084301;1.0
4895;9209;12;0.9285714328289032;1.0;0.9729296082387799;1.0
4384;5657;1;1.0;1.0;1.0;1.0
102446;103731;2;0.7852525264024734;0.8065191388130188;0.7958858326077461;0.0
102477;3710;1;0.6950757563114166;0.6950757563114166;0.6950757563114166;0.0
104872;3710;1;0.6608333170413971;0.6608333170413971;0.6608333170413971;0.0
103830;105956;1;0.7074494957923889;0.7074494957923889;0.7074494957923889;0.0
100187;100558;1;0.6637700349092484;0.6637700349092484;0.6637700349092484;0.0
103672;103676;1;0.8835403685058866;0.8835403685058866;0.8835403685058866;0.0
11531;6210;4;0.8434782611287158;1.0;0.9233695653442671;1.0
7794;8890;8;0.9299242496490479;0.9924242496490479;0.952185682280232;1.0
104167;107521;1;0.8057142853736877;0.8057142853736877;0.8057142853736877;0.0
105156;107779;2;0.7580357074737549;0.9402635970285961;0.8491496522511754;0.0
100446;103815;1;0.8082079142332077;0.8082079142332077;0.8082079142332077;0.0
2187;2418;3;1.0;1.0;1.0;1.0
104310;104872;1;0.7605589985847473;0.7605589985847473;0.7605589985847473;0.0
5426;6761;4;0.7366666376590729;0.8916666656732559;0.8380125194302072;1.0
107734;108429;1;0.7338889002799988;0.7338889002799988;0.7338889002799988;0.0
101502;105956;1;0.7449495017528533;0.7449495017528533;0.7449495017528533;0.0
103056;108216;1;0.8011904716491699;0.8011904716491699;0.8011904716491699;0.0
103056;104099;1;0.730555534362793;0.730555534362793;0.730555534362793;0.0
6858;7653;8;0.80780109167099;0.9111111164093018;0.8572623879828069;1.0
102629;105682;2;0.8072916641831398;0.8361111104488372;0.8217013873159885;0.0
102831;107734;1;0.5750995993614196;0.5750995993614196;0.5750995993614196;0.0
100717;103997;1;0.6473684310913086;0.6473684310913086;0.6473684310913086;0.0
100717;104842;1;0.7111111134290695;0.7111111134290695;0.7111111134290695;0.0
109495;109674;1;0.8079710110374119;0.8079710110374119;0.8079710110374119;0.0
103424;108429;1;0.9011919796466829;0.9011919796466829;0.9011919796466829;0.0
105518;107734;1;0.5906801104545594;0.5906801104545594;0.5906801104545594;0.0
108797;108932;1;0.7104166597127914;0.7104166597127914;0.7104166597127914;0.0
102477;108429;1;0.6161111176013947;0.6161111176013947;0.6161111176013947;0.0
100558;105349;2;0.6929258942604065;0.7376623451709747;0.7152941197156906;0.0
4384;5681;1;0.8703703731298447;0.8703703731298447;0.8703703731298447;1.0
103997;105518;1;0.7735087931156158;0.7735087931156158;0.7735087931156158;0.0
101480;105956;1;0.7141558527946472;0.7141558527946472;0.7141558527946472;0.0
3678;6690;1;1.0;1.0;1.0;1.0
7898;8422;2;0.8288474989973981;0.9888889044523239;0.908868201724861;1.0
7134;9695;3;0.9137931034482759;1.0;0.9712643678160919;1.0
7008;8831;3;1.0;1.0;1.0;1.0
100717;108876;1;0.810343325138092;0.810343325138092;0.810343325138092;0.0
6922;9161;9;0.9000000059604645;0.9618181824684143;0.930880971751113;1.0
100856;102831;1;0.6421836316585541;0.6421836316585541;0.6421836316585541;0.0
100187;108876;1;0.7652322351932526;0.7652322351932526;0.7652322351932526;0.0
7363;8118;5;0.9137931034482759;1.0;0.9732329255833976;1.0
102670;104117;1;0.6647509157657623;0.6647509157657623;0.6647509157657623;0.0
102987;107056;1;0.9072356202772686;0.9072356202772686;0.9072356202772686;0.0
101555;104310;1;0.8181202709674835;0.8181202709674835;0.8181202709674835;0.0
101457;108188;1;0.7465277910232544;0.7465277910232544;0.7465277910232544;0.0
102666;105709;3;0.8183412492275238;0.9744245558977127;0.9223967870076497;0.0
105618;106271;1;0.7652173936367035;0.7652173936367035;0.7652173936367035;0.0
100521;104310;1;0.7695342004299164;0.7695342004299164;0.7695342004299164;0.0
101021;107734;1;0.7509680092334747;0.7509680092334747;0.7509680092334747;0.0
102831;104289;1;0.7734481453895569;0.7734481453895569;0.7734481453895569;0.0
101462;104145;1;0.6860681875892308;0.6860681875892308;0.6860681875892308;0.0
100054;101555;1;0.6848057508468628;0.6848057508468628;0.6848057508468628;0.0
103853;107581;1;0.7391666769981384;0.7391666769981384;0.7391666769981384;0.0
5776;9008;5;0.8425000049173833;1.0;0.9202913055925267;1.0
5238;8297;12;0.9167303144931794;0.9711538404226303;0.9467020429274887;1.0
104167;107779;1;0.6567857086658477;0.6567857086658477;0.6567857086658477;0.0
11531;3134;4;0.8692982469995818;1.0;0.9358028219067964;1.0
100717;105349;1;0.6857142627239228;0.6857142627239228;0.6857142627239228;0.0
105076;107734;1;0.8227272689342499;0.8227272689342499;0.8227272689342499;0.0
100198;106489;2;1.0;1.0;1.0;0.0
104842;105066;1;0.7457377314567566;0.7457377314567566;0.7457377314567566;0.0
8609;9130;13;0.907586203566913;1.0;0.9760494135032214;1.0
108429;3710;1;0.5808333456516266;0.5808333456516266;0.5808333456516266;0.0
6358;9694;5;0.9662207424640655;0.9922360266957965;0.9787384551732684;1.0
104842;109426;1;0.7175438404083252;0.7175438404083252;0.7175438404083252;0.0
102477;104289;1;0.6436527788639068;0.6436527788639068;0.6436527788639068;0.0
104734;105358;1;0.7238235175609589;0.7238235175609589;0.7238235175609589;0.0
101021;105518;1;0.5689327359199524;0.5689327359199524;0.5689327359199524;0.0
104418;105156;1;0.785317462682724;0.785317462682724;0.785317462682724;0.0
102120;102987;1;0.8261363625526428;0.8261363625526428;0.8261363625526428;0.0
104500;105148;1;0.7701389044523239;0.7701389044523239;0.7701389044523239;0.0
102514;102831;1;0.6818341195583344;0.6818341195583344;0.6818341195583344;0.0
102120;103830;1;0.7305555462837219;0.7305555462837219;0.7305555462837219;0.0
102831;105349;1;0.4929938495159149;0.4929938495159149;0.4929938495159149;0.0
100521;104533;1;0.7057306170463562;0.7057306170463562;0.7057306170463562;0.0
6919;8060;8;0.8749999880790711;1.0;0.9636967458532771;1.0
3670;4441;11;0.9347826242446899;0.974456524848938;0.9474498915964819;1.0
101555;106511;1;0.6802382171154022;0.6802382171154022;0.6802382171154022;0.0
104389;104862;1;0.745592936873436;0.745592936873436;0.745592936873436;0.0
101555;103002;1;0.7734771966934204;0.7734771966934204;0.7734771966934204;0.0
100187;109749;1;0.6932102888822556;0.6932102888822556;0.6932102888822556;0.0
100856;105076;2;0.8069805026054382;0.8819399369614466;0.8444602197834423;0.0
100446;102120;1;0.6764492750167846;0.6764492750167846;0.6764492750167846;0.0
103846;105944;1;0.9068322990621839;0.9068322990621839;0.9068322990621839;0.0
100521;101021;1;0.6960852444171906;0.6960852444171906;0.6960852444171906;0.0
103100;106275;1;0.7601002514362335;0.7601002514362335;0.7601002514362335;0.0
104310;105518;1;0.624076497554779;0.624076497554779;0.624076497554779;0.0
4179;4911;8;0.8461538441479207;0.9722222238779068;0.9249781710419642;1.0
106803;107918;3;0.8902173923409503;1.0;0.9634057974469834;0.0
104500;105156;1;0.7715277671813965;0.7715277671813965;0.7715277671813965;0.0
100701;104862;1;0.7338827848434448;0.7338827848434448;0.7338827848434448;0.0
100054;100446;1;0.8020031094551087;0.8020031094551087;0.8020031094551087;0.0
109040;109732;1;0.7252696057160696;0.7252696057160696;0.7252696057160696;0.0
102670;104343;3;0.9421568661928177;0.9435107303517205;0.9426081542457853;0.0
4481;6716;1;1.0;1.0;1.0;1.0
109651;2004;1;0.7383333384990692;0.7383333384990692;0.7383333384990692;0.0
100558;109749;1;0.7672989219427109;0.7672989219427109;0.7672989219427109;0.0
104310;107734;1;0.7673066020011902;0.7673066020011902;0.7673066020011902;0.0
103424;3710;1;0.7325892597436905;0.7325892597436905;0.7325892597436905;0.0
4178;8683;3;0.8492943644523621;0.8734478950500488;0.8608327855666479;1.0
104533;109749;1;0.8078569918870926;0.8078569918870926;0.8078569918870926;0.0
100500;105518;1;0.8227083832025528;0.8227083832025528;0.8227083832025528;0.0
103997;107734;1;0.5841228127479553;0.5841228127479553;0.5841228127479553;0.0
100521;3710;1;0.7140143513679504;0.7140143513679504;0.7140143513679504;0.0
101021;102477;1;0.5702441096305847;0.5702441096305847;0.5702441096305847;0.0
10361;7869;9;0.8666666746139526;1.0;0.957538408153779;1.0
2807;7064;5;0.9538461565971375;1.0;0.9841758251190186;1.0
100521;104117;1;0.7658450305461884;0.7658450305461884;0.7658450305461884;0.0
102477;104099;1;0.5842857122421264;0.5842857122421264;0.5842857122421264;0.0
105066;107620;1;0.6958574801683426;0.6958574801683426;0.6958574801683426;0.0
100558;108429;1;0.8088888943195343;0.8088888943195343;0.8088888943195343;0.0
101555;103424;1;0.8315476179122925;0.8315476179122925;0.8315476179122925;0.0
102514;109651;1;0.7269747912883758;0.7269747912883758;0.7269747912883758;0.0
104289;104310;1;0.620225578546524;0.620225578546524;0.620225578546524;0.0
100521;107620;1;0.6971844583749771;0.6971844583749771;0.6971844583749771;0.0
105098;105131;1;0.6550000011920929;0.6550000011920929;0.6550000011920929;0.0
104117;3710;2;0.5626685380935669;0.7253117114305496;0.6439901247620583;0.0
107620;109426;1;0.7291955649852753;0.7291955649852753;0.7291955649852753;0.0
104418;107521;1;0.8239898920059204;0.8239898920059204;0.8239898920059204;0.0
104167;105156;1;0.7261111080646515;0.7261111080646515;0.7261111080646515;0.0
104099;104310;2;0.6566754579544067;0.7833772301673889;0.7200263440608978;0.0
100054;105956;1;0.8236111044883728;0.8236111044883728;0.8236111044883728;0.0
100717;107734;1;0.8104761958122253;0.8104761958122253;0.8104761958122253;0.0
103997;3710;1;0.845087730884552;0.845087730884552;0.845087730884552;0.0
100054;104842;1;0.6496084034442902;0.6496084034442902;0.6496084034442902;0.0
100558;108876;1;0.6786063611507416;0.6786063611507416;0.6786063611507416;0.0
10301;6246;12;0.9285714328289032;1.0;0.9707084076236123;1.0
108408;108563;3;0.8399999976158142;1.0;0.946666665871938;0.0
104099;104533;1;0.7786172479391098;0.7786172479391098;0.7786172479391098;0.0
101873;102984;1;0.9234693816729954;0.9234693816729954;0.9234693816729954;0.0
10361;5426;9;0.8666666746139526;1.0;0.965871740990407;1.0
5477;8368;5;0.9666666686534882;1.0;0.9860289863399838;1.0
101502;109469;1;0.9234693816729954;0.9234693816729954;0.9234693816729954;0.0
5392;9486;1;0.8273051917552948;0.8273051917552948;0.8273051917552948;1.0
104533;108876;1;0.7251101583242416;0.7251101583242416;0.7251101583242416;0.0
100446;101480;1;0.8259420156478882;0.8259420156478882;0.8259420156478882;0.0
106511;109426;1;0.6262736320495605;0.6262736320495605;0.6262736320495605;0.0
107734;3710;1;0.6042424261569976;0.6042424261569976;0.6042424261569976;0.0
103056;103830;1;0.6023809432983398;0.6023809432983398;0.6023809432983398;0.0
101021;104872;1;0.644047611951828;0.644047611951828;0.644047611951828;0.0
5780;5782;5;0.8956521697666334;1.0;0.9425787083629606;1.0
104117;105076;1;0.6559232532978058;0.6559232532978058;0.6559232532978058;0.0
105076;105349;1;0.7318181693553925;0.7318181693553925;0.7318181693553925;0.0
104009;109608;1;0.7895491756498815;0.7895491756498815;0.7895491756498815;0.0
100187;100717;1;0.761059120297432;0.761059120297432;0.761059120297432;0.0
102670;104310;1;0.7009730815887452;0.7009730815887452;0.7009730815887452;0.0
104418;107779;1;0.6708333253860473;0.6708333253860473;0.6708333253860473;0.0
104167;108216;1;0.6477777838706971;0.6477777838706971;0.6477777838706971;0.0
106511;3710;1;0.6112114638090134;0.6112114638090134;0.6112114638090134;0.0
100187;104099;1;0.6832611709833145;0.6832611709833145;0.6832611709833145;0.0
105066;106511;1;0.80464968085289;0.80464968085289;0.80464968085289;0.0
101021;3710;2;0.6127777695655823;0.842361107468605;0.7275694385170937;0.0
102394;109139;1;0.7216748744249344;0.7216748744249344;0.7216748744249344;0.0
101555;104533;1;0.7861025184392929;0.7861025184392929;0.7861025184392929;0.0
108908;109258;1;0.7333333343267441;0.7333333343267441;0.7333333343267441;0.0
102514;105076;1;0.7556926548480988;0.7556926548480988;0.7556926548480988;0.0
104872;2004;1;0.6608333170413971;0.6608333170413971;0.6608333170413971;0.0
10230;6858;12;0.8895104885101318;1.0;0.9539385252972207;1.0
100521;106511;1;0.6848549842834473;0.6848549842834473;0.6848549842834473;0.0
105098;105349;1;0.7903409004211426;0.7903409004211426;0.7903409004211426;0.0
10361;6761;4;0.8699999988079071;0.9138888865709305;0.8863619618819675;1.0
100521;103002;1;0.7221466451883316;0.7221466451883316;0.7221466451883316;0.0
8265;9149;2;0.9765625;1.0;0.98828125;1.0
103548;104072;1;0.7415616363286972;0.7415616363286972;0.7415616363286972;0.0
104289;2004;1;0.7819466829299927;0.7819466829299927;0.7819466829299927;0.0
102831;108429;1;0.6046888113021851;0.6046888113021851;0.6046888113021851;0.0
100558;104289;1;0.578135359287262;0.578135359287262;0.578135359287262;0.0
100558;105131;1;0.9138655407088143;0.9138655407088143;0.9138655407088143;0.0
104396;108216;1;0.6961538314819335;0.6961538314819335;0.6961538314819335;0.0
105518;108429;1;0.5533917963504791;0.5533917963504791;0.5533917963504791;0.0
100521;101555;1;0.8126750588417053;0.8126750588417053;0.8126750588417053;0.0
6663;6665;6;0.9056261377087955;1.0;0.9746882075403837;1.0
104289;109651;1;0.683860570192337;0.683860570192337;0.683860570192337;0.0
102477;107734;1;0.7215909063816071;0.7215909063816071;0.7215909063816071;0.0
6756;8537;6;0.954166654497385;0.9821428507566452;0.965692468485546;1.0
107056;107779;1;0.8690476162093026;0.8690476162093026;0.8690476162093026;0.0
104099;104117;2;0.7400761544704437;0.8288374602794647;0.7844568073749543;0.0
106028;106211;1;0.7666666656732559;0.7666666656732559;0.7666666656732559;0.0
109199;109365;1;0.7455882430076599;0.7455882430076599;0.7455882430076599;0.0
104310;105349;1;0.6986730575561524;0.6986730575561524;0.6986730575561524;0.0
10383;8029;1;1.0;1.0;1.0;1.0
7344;8291;8;0.9046875014901161;0.966447365283966;0.9287033502875396;1.0
103663;103676;1;0.922360245670591;0.922360245670591;0.922360245670591;0.0
100558;104533;1;0.7058816999197006;0.7058816999197006;0.7058816999197006;0.0
103663;103672;1;0.902597399694579;0.902597399694579;0.902597399694579;0.0
102120;105956;1;0.8482323288917542;0.8482323288917542;0.8482323288917542;0.0
100558;101021;2;0.6717065572738647;0.7538876116275788;0.7127970844507218;0.0
100054;104418;1;0.6433333218097687;0.6433333218097687;0.6433333218097687;0.0
11530;5099;2;0.8318965509533882;1.0;0.9159482754766941;1.0
103398;105349;1;0.8041458576917648;0.8041458576917648;0.8041458576917648;0.0
101555;108876;2;0.8118459105491638;0.8698321729898453;0.8408390417695045;0.0
10102;8140;1;0.8983239233493805;0.8983239233493805;0.8983239233493805;1.0
101480;101502;1;0.5565800607204437;0.5565800607204437;0.5565800607204437;0.0
100446;104167;1;0.6634575486183166;0.6634575486183166;0.6634575486183166;0.0
107811;108239;1;0.7526315748691559;0.7526315748691559;0.7526315748691559;0.0
100187;104310;1;0.7787931561470032;0.7787931561470032;0.7787931561470032;0.0
101021;109749;1;0.6226990967988968;0.6226990967988968;0.6226990967988968;0.0
104117;104533;1;0.72513347864151;0.72513347864151;0.72513347864151;0.0
102670;109651;1;0.6429971992969513;0.6429971992969513;0.6429971992969513;0.0
108771;108962;2;0.7517857104539871;0.9175824224948883;0.8346840664744377;0.0
100893;101107;1;0.7526190429925919;0.7526190429925919;0.7526190429925919;0.0
100187;3710;1;0.7612267732620239;0.7612267732620239;0.7612267732620239;0.0
103424;104842;1;0.8616045266389847;0.8616045266389847;0.8616045266389847;0.0
108876;3710;1;0.773665264248848;0.773665264248848;0.773665264248848;0.0
102987;105156;2;0.7467171669006347;0.9560335384947913;0.851375352697713;0.0
7540;8823;8;0.8667763099074365;0.9615384638309479;0.9036952446185932;1.0
103114;108843;1;0.8538961048637117;0.8538961048637117;0.8538961048637117;0.0
104099;107620;1;0.7054531425237656;0.7054531425237656;0.7054531425237656;0.0
105349;109651;1;0.5660147488117218;0.5660147488117218;0.5660147488117218;0.0
104289;105076;1;0.5649842917919159;0.5649842917919159;0.5649842917919159;0.0
5835;9278;10;0.9583333283662796;1.0;0.9841666647791862;1.0
100708;105760;1;0.7250180393457413;0.7250180393457413;0.7250180393457413;0.0
100717;104099;2;0.6339285522699356;0.7313491880893708;0.6826388701796532;0.0
103002;105066;1;0.8047599643468857;0.8047599643468857;0.8047599643468857;0.0
103002;109426;1;0.7373851388692856;0.7373851388692856;0.7373851388692856;0.0
101021;108876;1;0.7283263057470322;0.7283263057470322;0.7283263057470322;0.0
101502;108216;1;0.6666666269302368;0.6666666269302368;0.6666666269302368;0.0
100446;104396;1;0.5942586362361908;0.5942586362361908;0.5942586362361908;0.0
103830;107779;1;0.7635714292526246;0.7635714292526246;0.7635714292526246;0.0
104145;109608;1;0.7155430316925049;0.7155430316925049;0.7155430316925049;0.0
102831;104099;1;0.5555291473865509;0.5555291473865509;0.5555291473865509;0.0
100558;103424;1;0.7077643573284149;0.7077643573284149;0.7077643573284149;0.0
102987;108216;1;0.69242422580719;0.69242422580719;0.69242422580719;0.0
5025;9863;8;0.887499988079071;0.9821428528853825;0.919672612885233;1.0
7653;7852;8;0.8819444477558136;0.951098904013634;0.9149953424930573;1.0
105066;109426;1;0.6643387377262115;0.6643387377262115;0.6643387377262115;0.0
100128;102309;1;0.9045138912541526;0.9045138912541526;0.9045138912541526;0.0
105076;3710;1;0.6042424261569976;0.6042424261569976;0.6042424261569976;0.0
101555;109749;1;0.6962776333093643;0.6962776333093643;0.6962776333093643;0.0
104862;106582;1;0.6912879049777985;0.6912879049777985;0.6912879049777985;0.0
104310;108876;1;0.8600743412971497;0.8600743412971497;0.8600743412971497;0.0
100446;103056;1;0.8553312599658967;0.8553312599658967;0.8553312599658967;0.0
4441;8151;7;0.9029720276594162;0.9711538404226303;0.9262309694836228;1.0
100187;106511;1;0.7045711874961853;0.7045711874961853;0.7045711874961853;0.0
10000;8664;7;0.8965277820825577;0.96875;0.9311891845757175;1.0
100187;103002;1;0.7790689021348953;0.7790689021348953;0.7790689021348953;0.0
105760;107056;1;0.8745748294251305;0.8745748294251305;0.8745748294251305;0.0
105779;107049;1;0.8017241358757019;0.8017241358757019;0.8017241358757019;0.0
6858;8029;13;0.9199909845302845;0.9666666686534882;0.9376374089622684;1.0
101021;104289;1;0.5925672590732575;0.5925672590732575;0.5925672590732575;0.0
102514;104500;1;0.8627365678548813;0.8627365678548813;0.8627365678548813;0.0
102477;105518;1;0.6827101647853852;0.6827101647853852;0.6827101647853852;0.0
10449;6162;11;0.9375;1.0;0.9765151514828979;1.0
104099;106511;1;0.8012969046831131;0.8012969046831131;0.8012969046831131;0.0
102120;104418;1;0.7628787755966187;0.7628787755966187;0.7628787755966187;0.0
10652;9640;1;1.0;1.0;1.0;1.0
6102;9115;11;0.9443241889987674;1.0;0.9807971493377313;1.0
104424;108771;1;0.7345045022666454;0.7345045022666454;0.7345045022666454;0.0
103997;2004;1;0.845087730884552;0.845087730884552;0.845087730884552;0.0
100558;106511;1;0.7626894563436508;0.7626894563436508;0.7626894563436508;0.0
103056;104418;1;0.6357142806053162;0.6357142806053162;0.6357142806053162;0.0
104310;109749;1;0.6793153882026672;0.6793153882026672;0.6793153882026672;0.0
100856;101021;2;0.7104828059673309;0.7300264537334442;0.7202546298503876;0.0
100856;104533;1;0.8110267668962479;0.8110267668962479;0.8110267668962479;0.0
100558;103002;1;0.7028950303792953;0.7028950303792953;0.7028950303792953;0.0
100717;108429;1;0.7127777636051178;0.7127777636051178;0.7127777636051178;0.0
103398;105148;1;0.8025641024112702;0.8025641024112702;0.8025641024112702;0.0
102477;105349;1;0.6468181848526001;0.6468181848526001;0.6468181848526001;0.0
7540;7542;5;0.8357315063476562;0.9615384638309479;0.8920502895542555;1.0
102406;103696;1;0.8048872292041779;0.8048872292041779;0.8048872292041779;0.0
102831;3710;1;0.785797119140625;0.785797119140625;0.785797119140625;0.0
107597;107618;1;0.7325302958488464;0.7325302958488464;0.7325302958488464;0.0
100187;104117;1;0.7762504369020462;0.7762504369020462;0.7762504369020462;0.0
101021;2004;1;0.6127777695655823;0.6127777695655823;0.6127777695655823;0.0
100187;107620;1;0.7527672052383423;0.7527672052383423;0.7527672052383423;0.0
101021;105349;1;0.7338552057743073;0.7338552057743073;0.7338552057743073;0.0
4184;6950;6;0.863591268658638;0.9317632913589479;0.9052132784078518;1.0
103830;108216;1;0.6944444298744201;0.6944444298744201;0.6944444298744201;0.0
7731;9868;5;0.8129188865423203;0.9142857193946838;0.8564301162958146;1.0
101925;104169;2;0.8071428537368774;0.8279373407363891;0.8175400972366333;0.0
102542;103492;1;0.7663547247648239;0.7663547247648239;0.7663547247648239;0.0
102193;105236;1;0.7645833343267441;0.7645833343267441;0.7645833343267441;0.0
4843;8794;11;0.9333333373069763;1.0;0.9724374192976669;1.0
101821;105944;1;0.8554421748433794;0.8554421748433794;0.8554421748433794;0.0
100521;104842;1;0.8140639662742615;0.8140639662742615;0.8140639662742615;0.0
100717;109749;1;0.6345086097717285;0.6345086097717285;0.6345086097717285;0.0
103398;105131;1;0.7714285850524902;0.7714285850524902;0.7714285850524902;0.0
101554;108329;1;0.9322562345436641;0.9322562345436641;0.9322562345436641;0.0
7794;9063;9;0.8952381014823914;0.961904764175415;0.923339083516859;1.0
100856;103424;1;0.779513880610466;0.779513880610466;0.779513880610466;0.0
100558;104310;2;0.7055280804634094;0.8101969480514526;0.757862514257431;0.0
103830;105156;1;0.7281745910644531;0.7281745910644531;0.7281745910644531;0.0
107521;108216;1;0.75;0.75;0.75;0.0
100717;104289;1;0.6335588693618774;0.6335588693618774;0.6335588693618774;0.0
101502;105156;1;0.6781746089458466;0.6781746089458466;0.6781746089458466;0.0
101564;108252;4;0.8828571379184723;0.9821428507566452;0.9449206314980984;0.0
10314;2427;6;0.8941337764263153;0.9399671107530594;0.9161812103220396;1.0
7288;7483;10;0.9137931034482759;1.0;0.9812867179351488;1.0
6382;8494;12;0.9314285755157471;1.0;0.9730511206904277;1.0
7201;8536;1;1.0;1.0;1.0;1.0
102116;104281;1;0.7192810475826263;0.7192810475826263;0.7192810475826263;0.0
105131;105148;1;0.81142857670784;0.81142857670784;0.81142857670784;0.0
6562;8870;6;0.8100000023841858;1.0;0.9381670782445878;1.0
104310;108429;1;0.7249033689498902;0.7249033689498902;0.7249033689498902;0.0
5830;8888;4;0.8101175764332648;0.8963815718889236;0.8534958543660848;1.0
105956;108216;1;0.6702020049095154;0.6702020049095154;0.6702020049095154;0.0
9327;9412;10;0.8838709712028503;1.0;0.9745968238924967;1.0
107445;108557;1;0.8547618985176086;0.8547618985176086;0.8547618985176086;0.0
104632;105815;1;0.890131591508786;0.890131591508786;0.890131591508786;0.0
100054;107779;1;0.6133333325386048;0.6133333325386048;0.6133333325386048;0.0
103888;108274;1;0.920634925365448;0.920634925365448;0.920634925365448;0.0
100446;101502;1;0.5685299932956696;0.5685299932956696;0.5685299932956696;0.0
103997;105076;1;0.5924561500549317;0.5924561500549317;0.5924561500549317;0.0
103170;103181;1;0.7958333343267441;0.7958333343267441;0.7958333343267441;0.0
103056;109749;1;0.7567669153213501;0.7567669153213501;0.7567669153213501;0.0
104099;109651;1;0.518417340517044;0.518417340517044;0.518417340517044;0.0
102514;104310;1;0.6993167698383331;0.6993167698383331;0.6993167698383331;0.0
102611;106749;1;0.7708333283662796;0.7708333283662796;0.7708333283662796;0.0
4975;5889;13;0.9037819802761079;1.0;0.9614851377299256;1.0
100558;102514;1;0.6626890778541565;0.6626890778541565;0.6626890778541565;0.0
103056;105156;1;0.7670634984970093;0.7670634984970093;0.7670634984970093;0.0
10314;8640;6;0.9333333373069763;1.0;0.9626358863143695;1.0
100856;103002;1;0.796072706580162;0.796072706580162;0.796072706580162;0.0
100521;100856;1;0.7070874124765396;0.7070874124765396;0.7070874124765396;0.0
109608;109714;2;0.8110367940819783;0.926209680736065;0.8686232374090217;0.0
3134;6210;4;0.8882797372837863;1.0;0.9454998875954661;1.0
100856;106511;1;0.7049361765384674;0.7049361765384674;0.7049361765384674;0.0
104872;108429;1;0.707619047164917;0.707619047164917;0.707619047164917;0.0
103278;107044;1;0.7322751432657242;0.7322751432657242;0.7322751432657242;0.0
102477;102670;1;0.6878787755966187;0.6878787755966187;0.6878787755966187;0.0
102120;103398;1;0.7769764959812164;0.7769764959812164;0.7769764959812164;0.0
7460;8578;1;0.8582251012325287;0.8582251012325287;0.8582251012325287;1.0
10064;2819;1;1.0;1.0;1.0;1.0
100054;108876;1;0.713958814740181;0.713958814740181;0.713958814740181;0.0
105076;2004;1;0.6042424261569976;0.6042424261569976;0.6042424261569976;0.0
105901;107999;1;0.8928571385996682;0.8928571385996682;0.8928571385996682;0.0
105617;107999;1;0.7529304027557373;0.7529304027557373;0.7529304027557373;0.0
103002;103056;1;0.7721225917339325;0.7721225917339325;0.7721225917339325;0.0
3757;6377;7;0.8026720583438873;0.9519230744668415;0.8919061334840611;1.0
3395;4563;1;0.6738095166890518;0.6738095166890518;0.6738095166890518;1.0
103170;106212;1;0.7477904111146927;0.7477904111146927;0.7477904111146927;0.0
10986;7087;1;0.8;0.8;0.8;1.0
4586;7633;7;0.9479166579743226;0.9772727191448212;0.9583524147786269;1.0
107521;107779;1;0.7261904656887055;0.7261904656887055;0.7261904656887055;0.0
6944;7731;5;0.9000000059604645;0.9455486587856127;0.9267684668734454;1.0
103181;106212;1;0.7180555462837219;0.7180555462837219;0.7180555462837219;0.0
10230;10383;12;0.9333333373069763;0.9916666746139526;0.953674102495402;1.0
2317;4988;6;0.9000000059604645;0.9875000007450582;0.9374981024505004;1.0
4676;5746;3;0.875;0.9196428571428573;0.8910714280037654;1.0
102120;107521;1;0.7666666567325592;0.7666666567325592;0.7666666567325592;0.0
103997;109651;1;0.7126441240310669;0.7126441240310669;0.7126441240310669;0.0
103830;104418;1;0.7522727131843567;0.7522727131843567;0.7522727131843567;0.0
101515;101521;2;0.8108695641807888;0.9034749077899116;0.8571722359853502;0.0
102477;103997;1;0.7035965025424957;0.7035965025424957;0.7035965025424957;0.0
101502;107521;1;0.8095238029956817;0.8095238029956817;0.8095238029956817;0.0
100732;103846;1;0.7205555438995361;0.7205555438995361;0.7205555438995361;0.0
10312;9807;4;0.8675231536229452;1.0;0.9362346537519193;1.0
104418;105956;1;0.739646452665329;0.739646452665329;0.739646452665329;0.0
102424;107480;2;0.8095833361148834;0.8255158841609955;0.8175496101379395;0.0
103114;104051;1;0.901785712156977;0.901785712156977;0.901785712156977;0.0
9421;9489;12;0.949999988079071;1.0;0.9800244476029958;1.0
102970;108596;1;0.9060150342328208;0.9060150342328208;0.9060150342328208;0.0
100856;104310;3;0.7880807518959045;0.9412840115172523;0.8626350497915632;0.0
100717;102514;1;0.6676190495491028;0.6676190495491028;0.6676190495491028;0.0
5185;7072;4;0.8260869565217391;1.0;0.9205217347196911;1.0
102987;107521;2;0.8507575631141663;0.8541666567325592;0.8524621099233627;0.0
102670;102831;1;0.6453367471694946;0.6453367471694946;0.6453367471694946;0.0
100054;107521;1;0.6199999928474427;0.6199999928474427;0.6199999928474427;0.0
102831;2004;1;0.785797119140625;0.785797119140625;0.785797119140625;0.0
100521;105066;1;0.7040249705314636;0.7040249705314636;0.7040249705314636;0.0
105358;105700;1;0.7128787785768509;0.7128787785768509;0.7128787785768509;0.0
103719;107550;1;0.7678571492433548;0.7678571492433548;0.7678571492433548;0.0
100521;109426;1;0.6933006644248962;0.6933006644248962;0.6933006644248962;0.0
103804;104425;1;0.7410714328289032;0.7410714328289032;0.7410714328289032;0.0
101502;107779;1;0.7204166769981384;0.7204166769981384;0.7204166769981384;0.0
6547;6741;11;0.9000000059604645;1.0;0.94860858300403;1.0
100001;100010;2;0.8355769217014313;0.8467152535915374;0.8411460876464844;0.0
3096;3123;6;0.9333333373069763;0.9761904776096344;0.9556255794706798;1.0
102120;105349;1;0.7797348350286484;0.7797348350286484;0.7797348350286484;0.0
104117;107620;1;0.6545329689979553;0.6545329689979553;0.6545329689979553;0.0
105349;107056;1;0.7621753215789795;0.7621753215789795;0.7621753215789795;0.0
105525;106101;1;0.7928125113248825;0.7928125113248825;0.7928125113248825;0.0
100054;105156;1;0.7465079307556153;0.7465079307556153;0.7465079307556153;0.0
108059;108956;1;0.8081395328044891;0.8081395328044891;0.8081395328044891;0.0
104633;105276;1;0.8145833251376947;0.8145833251376947;0.8145833251376947;0.0
103002;107620;1;0.7768985778093338;0.7768985778093338;0.7768985778093338;0.0
2252;4733;9;0.9137931034482759;1.0;0.9904214559386973;1.0
103002;104117;1;0.7575868964195251;0.7575868964195251;0.7575868964195251;0.0
103056;107779;1;0.6330357074737549;0.6330357074737549;0.6330357074737549;0.0
101480;104396;1;0.5153962671756744;0.5153962671756744;0.5153962671756744;0.0
101465;103668;1;0.9107142857142857;0.9107142857142857;0.9107142857142857;0.0
101021;104099;2;0.6229497492313385;0.7758465468883514;0.699398148059845;0.0
102120;107779;1;0.6585317373275756;0.6585317373275756;0.6585317373275756;0.0
9333;9450;8;0.926108373650189;1.0;0.9827278324205594;1.0
101830;103356;1;0.6859756112098694;0.6859756112098694;0.6859756112098694;0.0
8890;9063;5;0.9442857265472412;0.9851190511669431;0.9661466585303315;1.0
100187;103424;1;0.7745655030012131;0.7745655030012131;0.7745655030012131;0.0
109532;109725;3;0.812146307333656;0.9472222179174423;0.901270991002304;0.0
8344;9229;12;0.899999988079071;1.0;0.9710332144574311;1.0
6272;8578;1;0.8582251012325287;0.8582251012325287;0.8582251012325287;1.0
101480;103056;1;0.7824242353439331;0.7824242353439331;0.7824242353439331;0.0
103056;108876;1;0.7652854919433594;0.7652854919433594;0.7652854919433594;0.0
102514;3710;1;0.6714285731315612;0.6714285731315612;0.6714285731315612;0.0
100808;103424;1;0.7943783044815064;0.7943783044815064;0.7943783044815064;0.0
102987;107779;2;0.6923701286315918;0.9278950265475682;0.81013257758958;0.0
11455;5289;7;0.8642534017562866;0.9457013607025146;0.8928269942447266;1.0
104117;106511;1;0.6533292084932327;0.6533292084932327;0.6533292084932327;0.0
103830;107521;1;0.8208333253860474;0.8208333253860474;0.8208333253860474;0.0
101556;106101;1;0.7084375023841858;0.7084375023841858;0.7084375023841858;0.0
6811;7429;8;0.8579710245132446;0.97826087474823;0.9351018906719444;1.0
100856;107620;1;0.8283890187740326;0.8283890187740326;0.8283890187740326;0.0
6740;9193;4;0.9538461565971375;0.9945652225743169;0.9709484270247428;1.0
103002;106511;1;0.7477881163358688;0.7477881163358688;0.7477881163358688;0.0
104842;106511;1;0.7186474502086639;0.7186474502086639;0.7186474502086639;0.0
104051;108843;1;0.902597399694579;0.902597399694579;0.902597399694579;0.0
101021;108429;1;0.6653703629970551;0.6653703629970551;0.6653703629970551;0.0
10578;10628;2;0.803540421028932;0.8687499910593033;0.8361452060441177;1.0
103878;109649;1;0.7043478339910507;0.7043478339910507;0.7043478339910507;0.0
105956;107779;1;0.6164772748947144;0.6164772748947144;0.6164772748947144;0.0
100701;108239;1;0.6960526406764984;0.6960526406764984;0.6960526406764984;0.0
10320;7581;6;0.8903632462024689;0.9466666728258133;0.9213325374440294;1.0
100856;104117;2;0.6976361274719238;0.7215983092784881;0.709617218375206;0.0
104099;105076;1;0.7413059055805207;0.7413059055805207;0.7413059055805207;0.0
6568;9557;1;1.0;1.0;1.0;1.0
100054;109749;1;0.7240288108587265;0.7240288108587265;0.7240288108587265;0.0
101555;104099;1;0.6974206417798996;0.6974206417798996;0.6974206417798996;0.0
7515;8151;7;0.8954326957464219;0.9711538404226303;0.924170530045995;1.0
4348;7170;12;0.9127717316150665;0.982993198292596;0.9387902069358661;1.0
5360;8430;12;0.8600699365139007;0.9501748234033585;0.9101299861158078;1.0
102120;105156;1;0.8;0.8;0.8;0.0
103832;109040;1;0.8127205893397331;0.8127205893397331;0.8127205893397331;0.0
7361;7750;2;0.8125;1.0;0.90625;1.0
100187;104533;1;0.7945166081190109;0.7945166081190109;0.7945166081190109;0.0
100187;101021;1;0.737638995051384;0.737638995051384;0.737638995051384;0.0
102477;104872;1;0.815277773141861;0.815277773141861;0.815277773141861;0.0
101480;104167;1;0.5621861398220063;0.5621861398220063;0.5621861398220063;0.0
104099;109426;1;0.696825385093689;0.696825385093689;0.696825385093689;0.0
103056;107521;1;0.611904752254486;0.611904752254486;0.611904752254486;0.0
102670;105076;1;0.6606060266494751;0.6606060266494751;0.6606060266494751;0.0
104099;105066;1;0.8223614543676376;0.8223614543676376;0.8223614543676376;0.0
104117;104310;2;0.7635406106710434;0.7760701477527618;0.7698053792119026;0.0
105956;107521;1;0.7245670855045319;0.7245670855045319;0.7245670855045319;0.0
100558;109426;1;0.6612784266471863;0.6612784266471863;0.6612784266471863;0.0
100717;104310;3;0.824765533208847;0.8714285850524902;0.8481361389160157;0.0
6413;7975;7;0.9500000029802322;1.0;0.9755059068802722;1.0
105349;105518;1;0.4969583094120026;0.4969583094120026;0.4969583094120026;0.0
100187;100856;1;0.7174316644668579;0.7174316644668579;0.7174316644668579;0.0
6948;7365;6;0.9030172413793104;0.9869791666666666;0.962442633383075;1.0
102831;104310;1;0.6228315711021424;0.6228315711021424;0.6228315711021424;0.0
100558;100856;3;0.8142931461334229;0.8667303383350372;0.8335763980944951;0.0
10383;7852;1;1.0;1.0;1.0;1.0
6382;7920;10;0.9375;1.0;0.9681521739130435;1.0
103832;109732;2;0.8262061439454557;0.8608695631441864;0.843537853544821;0.0
100856;109749;1;0.8172637820243835;0.8172637820243835;0.8172637820243835;0.0
2366;2367;6;0.8708333373069763;0.9091787338256836;0.8828723847866059;1.0
100446;105956;1;0.7496894419193267;0.7496894419193267;0.7496894419193267;0.0
104842;3710;1;0.7180555611848831;0.7180555611848831;0.7180555611848831;0.0
100558;105066;1;0.7294009625911713;0.7294009625911713;0.7294009625911713;0.0
103668;108962;1;0.8939732142857143;0.8939732142857143;0.8939732142857143;0.0
104872;107734;1;0.8199134111404419;0.8199134111404419;0.8199134111404419;0.0
100893;109637;1;0.750217393040657;0.750217393040657;0.750217393040657;0.0
100521;108876;1;0.7449473291635513;0.7449473291635513;0.7449473291635513;0.0
8306;8663;3;0.8054545521736145;0.9666666686534882;0.9129292964935303;1.0
102477;102831;1;0.6942470788955688;0.6942470788955688;0.6942470788955688;0.0
4563;5122;3;0.8110765970271567;0.9314170756510326;0.8822201088101721;1.0
5574;7562;3;0.8217391345811929;0.9625000059604645;0.8939130476419477;1.0
6925;6926;6;0.9015663800568415;0.9903381777846295;0.9625574837880987;1.0
104289;104872;1;0.6170777022838593;0.6170777022838593;0.6170777022838593;0.0
102514;104289;1;0.6393533945083618;0.6393533945083618;0.6393533945083618;0.0
109420;109429;1;0.7395161241292953;0.7395161241292953;0.7395161241292953;0.0
100856;104289;1;0.623323279619217;0.623323279619217;0.623323279619217;0.0
5731;8779;1;1.0;1.0;1.0;1.0
100558;105076;1;0.7507639169692993;0.7507639169692993;0.7507639169692993;0.0
4441;7515;2;0.9812499955296516;1.0;0.9906249977648258;1.0
100717;104533;1;0.6800438612699509;0.6800438612699509;0.6800438612699509;0.0
8260;8445;6;0.8660104423761368;0.9496715911503497;0.9222151940034098;1.0
104533;107620;1;0.8186939656734467;0.8186939656734467;0.8186939656734467;0.0
100717;101021;2;0.7650000035762787;0.7979166805744171;0.7814583420753479;0.0
6992;7802;6;0.8275556614001592;0.9333333373069763;0.8853332440130376;1.0
101555;104842;1;0.807936504483223;0.807936504483223;0.807936504483223;0.0
2427;8640;5;0.9509868443012237;0.9895833308498064;0.966803967723812;1.0
104117;108429;1;0.7215807139873505;0.7215807139873505;0.7215807139873505;0.0
105179;107116;1;0.7444597035646439;0.7444597035646439;0.7444597035646439;0.0
100054;100717;1;0.6533730179071426;0.6533730179071426;0.6533730179071426;0.0
7192;7778;5;0.9137931034482759;1.0;0.9827586206896551;1.0
6944;9868;5;0.9415584398167475;0.992857140302658;0.9729700708481838;1.0
102514;105148;1;0.808600440621376;0.808600440621376;0.808600440621376;0.0
4297;8636;1;1.0;1.0;1.0;1.0
100856;108876;1;0.7677289843559265;0.7677289843559265;0.7677289843559265;0.0
104823;108894;1;0.7601851671934128;0.7601851671934128;0.7601851671934128;0.0
101931;105268;1;0.7423076927661896;0.7423076927661896;0.7423076927661896;0.0
102762;103690;1;0.902597399694579;0.902597399694579;0.902597399694579;0.0
102670;104872;1;0.7458730101585388;0.7458730101585388;0.7458730101585388;0.0
7653;8029;8;0.8819444477558136;0.9725274741649628;0.9176739137619734;1.0
100054;104099;1;0.6942460238933563;0.6942460238933563;0.6942460238933563;0.0
104620;108430;1;0.7178571373224258;0.7178571373224258;0.7178571373224258;0.0
101502;102120;1;0.7680555582046509;0.7680555582046509;0.7680555582046509;0.0
100054;108216;1;0.7253968238830566;0.7253968238830566;0.7253968238830566;0.0
2004;3710;4;1.0;1.0;1.0;1.0
104099;3710;2;0.5440476179122925;0.6101190447807312;0.5770833313465118;0.0
105148;107056;1;0.7336080491542816;0.7336080491542816;0.7336080491542816;0.0
102514;105156;1;0.7923611104488373;0.7923611104488373;0.7923611104488373;0.0
5657;5681;1;0.8703703731298447;0.8703703731298447;0.8703703731298447;1.0
108843;108932;1;0.9242424219846725;0.9242424219846725;0.9242424219846725;0.0
5371;5959;3;0.8309178663336713;0.9861111044883728;0.9066022479879683;1.0
102514;108429;1;0.600555557012558;0.600555557012558;0.600555557012558;0.0
3539;4190;5;0.9137931034482759;1.0;0.9762097076461769;1.0
100558;109651;1;0.5701680719852448;0.5701680719852448;0.5701680719852448;0.0
104872;105349;1;0.7019047677516937;0.7019047677516937;0.7019047677516937;0.0
100170;100358;11;0.8500000089406967;0.9833333343267441;0.9465349175477688;0.0
100708;105148;1;0.8330107182264328;0.8330107182264328;0.8330107182264328;0.0
7525;8995;8;0.8812499940395355;0.9695616774260998;0.916148137527385;1.0
102670;103997;1;0.6078947424888611;0.6078947424888611;0.6078947424888611;0.0
6802;8890;5;0.9442857265472412;0.9851190511669431;0.9661466585303315;1.0
100856;104099;2;0.7967171519994736;0.8075757384300232;0.8021464452147484;0.0
103056;3710;1;0.7139880955219269;0.7139880955219269;0.7139880955219269;0.0
101107;109637;1;0.7064990997314453;0.7064990997314453;0.7064990997314453;0.0
104533;106511;1;0.7390107959508896;0.7390107959508896;0.7390107959508896;0.0
104842;108876;1;0.7703931629657745;0.7703931629657745;0.7703931629657745;0.0
107340;107990;1;0.8076923042535782;0.8076923042535782;0.8076923042535782;0.0
106511;108876;1;0.6139345020055771;0.6139345020055771;0.6139345020055771;0.0
103424;105066;1;0.7562181204557419;0.7562181204557419;0.7562181204557419;0.0
103424;109426;1;0.794394850730896;0.794394850730896;0.794394850730896;0.0
109081;109197;1;0.7822377979755402;0.7822377979755402;0.7822377979755402;0.0
2771;5458;6;0.915178582072258;1.0;0.9653101281627365;1.0
106868;108869;1;0.7227011471986771;0.7227011471986771;0.7227011471986771;0.0
10383;7653;8;0.8819444477558136;0.9725274741649628;0.9176739137619734;1.0
2571;9019;2;1.0;1.0;1.0;1.0
3722;8453;1;1.0;1.0;1.0;1.0
100558;102831;1;0.5902228832244873;0.5902228832244873;0.5902228832244873;0.0
7123;9038;12;0.9137931034482759;1.0;0.9628961846761142;1.0
105016;107434;3;0.8230676320583924;1.0;0.9410225440194641;0.0
104117;104289;1;0.5646855235099792;0.5646855235099792;0.5646855235099792;0.0
100717;103424;1;0.7253472059965134;0.7253472059965134;0.7253472059965134;0.0
102831;104117;1;0.5835891008377075;0.5835891008377075;0.5835891008377075;0.0
105701;105923;1;0.7350852340459824;0.7350852340459824;0.7350852340459824;0.0
100708;105156;1;0.7723214328289032;0.7723214328289032;0.7723214328289032;0.0
102120;105098;1;0.8263888955116272;0.8263888955116272;0.8263888955116272;0.0
100701;106582;1;0.7056547701358795;0.7056547701358795;0.7056547701358795;0.0
101021;102514;1;0.5687301695346832;0.5687301695346832;0.5687301695346832;0.0
4124;7722;7;0.8913043478260869;1.0;0.9484540708087598;1.0
101480;102120;1;0.6563636422157287;0.6563636422157287;0.6563636422157287;0.0
104117;109749;1;0.7465978711843491;0.7465978711843491;0.7465978711843491;0.0
11006;11008;4;0.8405797131683516;1.0;0.9219504845720055;1.0
105076;109651;1;0.649707168340683;0.649707168340683;0.649707168340683;0.0
105723;107973;2;0.8500749650208848;1.0;0.9250374825104424;0.0
104310;2004;1;0.6514285802841187;0.6514285802841187;0.6514285802841187;0.0
9588;9811;13;0.9375;1.0;0.9737422149070316;1.0
11150;8901;13;0.9233716469386528;1.0;0.9828917262532938;1.0
105374;107336;1;0.7905302941799164;0.7905302941799164;0.7905302941799164;0.0
104842;109749;1;0.7555247098207474;0.7555247098207474;0.7555247098207474;0.0
102948;107999;1;0.9071428605488369;0.9071428605488369;0.9071428605488369;0.0
100170;103646;1;0.8285714268684388;0.8285714268684388;0.8285714268684388;0.0
103232;109238;1;0.81666665772597;0.81666665772597;0.81666665772597;0.0
109241;109438;1;0.8623670190572739;0.8623670190572739;0.8623670190572739;0.0
102514;105349;1;0.6719047725200653;0.6719047725200653;0.6719047725200653;0.0
1858;9637;3;1.0;1.0;1.0;1.0
4441;7769;5;0.9111111164093018;1.0;0.9519484730734341;1.0
4419;7644;5;0.984375;1.0;0.9934510869565217;1.0
108876;109426;1;0.7301768958568573;0.7301768958568573;0.7301768958568573;0.0
2823;4684;8;0.9041537642478943;0.960526317358017;0.9278973913630065;1.0
102120;107056;1;0.7906746119260788;0.7906746119260788;0.7906746119260788;0.0
100521;109749;1;0.6710325181484222;0.6710325181484222;0.6710325181484222;0.0
109476;109545;1;0.7324275523424149;0.7324275523424149;0.7324275523424149;0.0
2188;8063;8;0.9066666483879089;1.0;0.9676140189440786;1.0
103002;104842;1;0.807732880115509;0.807732880115509;0.807732880115509;0.0
101613;104424;1;0.842830877751112;0.842830877751112;0.842830877751112;0.0
103056;109426;1;0.8075605779886246;0.8075605779886246;0.8075605779886246;0.0
100717;2004;1;0.6783333420753479;0.6783333420753479;0.6783333420753479;0.0
102835;105958;1;0.7648148238658905;0.7648148238658905;0.7648148238658905;0.0
102514;2004;1;0.6714285731315612;0.6714285731315612;0.6714285731315612;0.0
103056;105066;1;0.700770378112793;0.700770378112793;0.700770378112793;0.0
101983;108733;2;0.7619047611951828;0.9054621798651559;0.8336834705301693;0.0
100701;104389;1;0.6679653525352478;0.6679653525352478;0.6679653525352478;0.0
107620;108876;1;0.7653649598360062;0.7653649598360062;0.7653649598360062;0.0
100054;100521;1;0.5446078330278397;0.5446078330278397;0.5446078330278397;0.0
104117;108876;1;0.7160637825727463;0.7160637825727463;0.7160637825727463;0.0
10628;109189;1;0.7727704644203186;0.7727704644203186;0.7727704644203186;0.0
100856;108429;1;0.7366666495800018;0.7366666495800018;0.7366666495800018;0.0
5542;6695;7;0.8653508603572846;0.9791666716337204;0.9407277317274184;1.0
104533;105066;1;0.7744311392307281;0.7744311392307281;0.7744311392307281;0.0
103069;109651;1;0.8053935468196869;0.8053935468196869;0.8053935468196869;0.0
10578;109189;1;0.7969907373189926;0.7969907373189926;0.7969907373189926;0.0
100960;103952;1;0.7953571379184723;0.7953571379184723;0.7953571379184723;0.0
101021;106511;1;0.5788299441337585;0.5788299441337585;0.5788299441337585;0.0
100187;103056;1;0.6983065754175186;0.6983065754175186;0.6983065754175186;0.0
102024;105032;1;0.7347972989082336;0.7347972989082336;0.7347972989082336;0.0
106206;107125;1;0.7368908375501633;0.7368908375501633;0.7368908375501633;0.0
104533;109426;1;0.7640350908041;0.7640350908041;0.7640350908041;0.0
2577;2581;4;0.8437500037252904;0.9933333337306977;0.9522056173938124;1.0
101021;103002;1;0.6404204964637756;0.6404204964637756;0.6404204964637756;0.0
103424;106511;1;0.7257435321807861;0.7257435321807861;0.7257435321807861;0.0
7211;7614;1;0.9404761833803994;0.9404761833803994;0.9404761833803994;1.0
10230;7653;8;0.8259829163551331;0.9159340709447862;0.8751741332366414;1.0
6620;8349;1;0.8814285844564438;0.8814285844564438;0.8814285844564438;1.0
100708;102514;1;0.8100559264421463;0.8100559264421463;0.8100559264421463;0.0
104167;104396;1;0.7483760595321656;0.7483760595321656;0.7483760595321656;0.0
108752;109347;1;0.7687499821186066;0.7687499821186066;0.7687499821186066;0.0
101502;103830;1;0.8583333373069764;0.8583333373069764;0.8583333373069764;0.0
104862;107811;1;0.67441725730896;0.67441725730896;0.67441725730896;0.0
103997;104310;1;0.6369957566261292;0.6369957566261292;0.6369957566261292;0.0
105066;108876;1;0.6386662125587463;0.6386662125587463;0.6386662125587463;0.0
100717;103056;1;0.7416666597127914;0.7416666597127914;0.7416666597127914;0.0
104310;104533;1;0.7096057832241058;0.7096057832241058;0.7096057832241058;0.0
107734;109651;1;0.649707168340683;0.649707168340683;0.649707168340683;0.0
101502;102987;1;0.7792748987674714;0.7792748987674714;0.7792748987674714;0.0
103056;105956;1;0.7091269850730896;0.7091269850730896;0.7091269850730896;0.0
1818;7075;3;0.8727430552244186;0.9072916656732559;0.8889366941175599;1.0
107779;108216;1;0.6904761791229248;0.6904761791229248;0.6904761791229248;0.0
101462;109714;2;0.7845298310984736;0.8040937669575214;0.7943117990279975;0.0
104099;104872;1;0.6836507976055145;0.6836507976055145;0.6836507976055145;0.0
109426;3710;1;0.6704678386449814;0.6704678386449814;0.6704678386449814;0.0
104389;108239;1;0.7741776406764984;0.7741776406764984;0.7741776406764984;0.0
109426;109749;1;0.7254803627729416;0.7254803627729416;0.7254803627729416;0.0
100558;103056;1;0.7604405283927917;0.7604405283927917;0.7604405283927917;0.0
100558;107620;1;0.7203962206840515;0.7203962206840515;0.7203962206840515;0.0
102361;103634;6;0.9516128897666931;0.9806451559066772;0.9668612893956704;0.0
103155;106396;1;0.7416666746139526;0.7416666746139526;0.7416666746139526;0.0
107620;109749;1;0.7310153692960739;0.7310153692960739;0.7310153692960739;0.0
100054;103830;1;0.6174999952316285;0.6174999952316285;0.6174999952316285;0.0
3529;4114;5;0.9880952388048172;1.0;0.9950103522642799;1.0
100708;101442;1;0.9227678584200997;0.9227678584200997;0.9227678584200997;0.0
101462;104009;1;0.7517231230934461;0.7517231230934461;0.7517231230934461;0.0
106511;109749;1;0.7362960278987885;0.7362960278987885;0.7362960278987885;0.0
10785;10833;3;0.8173912990352382;0.9749999940395355;0.9141304270512816;1.0
3475;8592;11;0.9100845555464426;0.9734299597532853;0.9553510682816877;1.0
8630;8805;3;0.8828868347665539;0.9326599299907684;0.9076513892498571;1.0
103056;104842;1;0.6842836290597916;0.6842836290597916;0.6842836290597916;0.0
103424;104310;1;0.7492177039384842;0.7492177039384842;0.7492177039384842;0.0
101021;104310;2;0.8116762816905976;0.8180164694786072;0.8148463755846024;0.0
7199;8683;3;0.8492943644523621;0.8734478950500488;0.8608327855666479;1.0
101830;108369;1;0.7423780560493469;0.7423780560493469;0.7423780560493469;0.0
100558;104117;2;0.6683989018201828;0.7538029372692108;0.7111009195446968;0.0
7604;9790;5;0.8842925156156223;0.9789915978908539;0.918930979712286;1.0
100054;100558;1;0.7788929343223572;0.7788929343223572;0.7788929343223572;0.0
105799;107472;1;0.9086538702249527;0.9086538702249527;0.9086538702249527;0.0
4709;4710;6;0.84375;1.0;0.9280144304662631;1.0
102670;2004;1;0.598333340883255;0.598333340883255;0.598333340883255;0.0
102617;109429;1;0.6963768154382706;0.6963768154382706;0.6963768154382706;0.0
5746;8097;2;0.7757142722606659;0.8343750014901162;0.8050446368753911;1.0
105518;107620;1;0.9191834032535553;0.9191834032535553;0.9191834032535553;0.0
5577;8990;12;0.9427083283662796;1.0;0.9725730365377468;1.0
104099;104842;1;0.7724519670009613;0.7724519670009613;0.7724519670009613;0.0
104289;105349;1;0.48887215852737426;0.48887215852737426;0.48887215852737426;0.0
102118;108875;1;0.7125000059604645;0.7125000059604645;0.7125000059604645;0.0
6802;7794;9;0.8666381147401085;0.961904764175415;0.9137605394555562;1.0
10061;3517;5;0.9632812514901161;1.0;0.9868349914835847;1.0
102617;109420;1;0.7170026749372482;0.7170026749372482;0.7170026749372482;0.0
100054;102987;1;0.725;0.725;0.725;0.0
102349;103832;1;0.6991925433925961;0.6991925433925961;0.6991925433925961;0.0
102446;104112;2;0.7776767760515213;0.8044913411140442;0.7910840585827827;0.0
102670;107734;1;0.8015151500701905;0.8015151500701905;0.8015151500701905;0.0
102987;103830;1;0.7852272748947143;0.7852272748947143;0.7852272748947143;0.0
100446;104418;1;0.6359903395175934;0.6359903395175934;0.6359903395175934;0.0
102477;105076;1;0.6931818127632141;0.6931818127632141;0.6931818127632141;0.0
2440;5443;1;1.0;1.0;1.0;1.0
100832;103232;1;0.7138227391988039;0.7138227391988039;0.7138227391988039;0.0
105148;105760;1;0.7460698932409286;0.7460698932409286;0.7460698932409286;0.0
105349;107734;2;0.8272726953029632;0.886363610625267;0.8568181529641151;0.0
102697;103567;1;0.9060846599084991;0.9060846599084991;0.9060846599084991;0.0
101021;104533;1;0.6526803076267242;0.6526803076267242;0.6526803076267242;0.0
100856;102514;1;0.71023810505867;0.71023810505867;0.71023810505867;0.0
10230;7852;12;0.9333333373069763;0.9916666746139526;0.9572980518592297;1.0
100054;3710;1;0.6526785492897034;0.6526785492897034;0.6526785492897034;0.0
101377;101414;2;0.8061224520206451;0.8443239808082581;0.8252232164144516;0.0
105156;107056;1;0.903273805975914;0.903273805975914;0.903273805975914;0.0
104097;109733;2;0.9186813235282898;0.9186813235282898;0.9186813235282898;0.0
100717;107620;1;0.7426747381687164;0.7426747381687164;0.7426747381687164;0.0
100717;104117;2;0.7382379829883575;0.7655511051416397;0.7518945440649987;0.0
104099;105518;1;0.5280910670757294;0.5280910670757294;0.5280910670757294;0.0
104872;105518;1;0.6543358445167542;0.6543358445167542;0.6543358445167542;0.0
103668;108771;1;0.8883928571428571;0.8883928571428571;0.8883928571428571;0.0
100054;103424;1;0.6979166716337204;0.6979166716337204;0.6979166716337204;0.0
104310;106511;1;0.6097848117351532;0.6097848117351532;0.6097848117351532;0.0
100054;101480;1;0.8004220843315124;0.8004220843315124;0.8004220843315124;0.0
103997;104117;1;0.5990969836711884;0.5990969836711884;0.5990969836711884;0.0
104719;106516;1;0.758055567741394;0.758055567741394;0.758055567741394;0.0
100083;107056;1;0.9031557036297662;0.9031557036297662;0.9031557036297662;0.0
100717;3710;2;0.6783333420753479;0.7868055403232574;0.7325694411993027;0.0
102831;109651;1;0.769701623916626;0.769701623916626;0.769701623916626;0.0
104289;105518;1;0.8076801121234893;0.8076801121234893;0.8076801121234893;0.0
104009;109714;1;0.8023473471403122;0.8023473471403122;0.8023473471403122;0.0
100717;103002;1;0.6665517836809158;0.6665517836809158;0.6665517836809158;0.0
102670;105518;1;0.6440350830554962;0.6440350830554962;0.6440350830554962;0.0
4520;6174;1;0.8269230723381042;0.8269230723381042;0.8269230723381042;1.0
102477;109651;1;0.8081996440887451;0.8081996440887451;0.8081996440887451;0.0
104289;107734;1;0.5558933854103089;0.5558933854103089;0.5558933854103089;0.0
101756;102013;1;0.9107142857142857;0.9107142857142857;0.9107142857142857;0.0
102514;104099;1;0.6111110866069793;0.6111110866069793;0.6111110866069793;0.0
101830;107477;1;0.6334603577852249;0.6334603577852249;0.6334603577852249;0.0
103424;107620;1;0.775897666811943;0.775897666811943;0.775897666811943;0.0
106582;108239;1;0.7627083361148834;0.7627083361148834;0.7627083361148834;0.0
103424;104117;1;0.7844358682632446;0.7844358682632446;0.7844358682632446;0.0
100717;106511;1;0.5975372493267059;0.5975372493267059;0.5975372493267059;0.0
100240;100452;1;0.7381395399570465;0.7381395399570465;0.7381395399570465;0.0
100187;105066;1;0.6970152705907822;0.6970152705907822;0.6970152705907822;0.0
8274;8630;3;0.8828868347665539;0.9326599299907684;0.9076513892498571;1.0
100187;109426;1;0.6666454523801804;0.6666454523801804;0.6666454523801804;0.0
8370;9876;4;0.9159420339957528;0.9833333343267441;0.9466572949338866;1.0
104310;107620;1;0.7630008608102798;0.7630008608102798;0.7630008608102798;0.0
101021;103424;1;0.6783234179019928;0.6783234179019928;0.6783234179019928;0.0
101164;102760;1;0.7338068187236786;0.7338068187236786;0.7338068187236786;0.0
100701;107811;1;0.6941017210483551;0.6941017210483551;0.6941017210483551;0.0
100856;2004;1;0.6772619187831879;0.6772619187831879;0.6772619187831879;0.0
101723;106128;1;0.78125;0.78125;0.78125;0.0
5477;9076;5;0.9833333343267441;1.0;0.9930144931699918;1.0
100785;103170;1;0.7458333373069763;0.7458333373069763;0.7458333373069763;0.0
100054;102120;1;0.7649999976158142;0.7649999976158142;0.7649999976158142;0.0
101555;103056;1;0.7460526376962662;0.7460526376962662;0.7460526376962662;0.0
100054;100187;1;0.632830411195755;0.632830411195755;0.632830411195755;0.0
100856;102670;1;0.7814934909343719;0.7814934909343719;0.7814934909343719;0.0
4179;4732;8;0.8461538441479207;0.9722222238779068;0.9249781710419642;1.0
102390;109139;1;0.7302955687046051;0.7302955687046051;0.7302955687046051;0.0
100446;105156;1;0.7421842813491821;0.7421842813491821;0.7421842813491821;0.0
101243;101298;1;0.7443589717149734;0.7443589717149734;0.7443589717149734;0.0
100558;3710;2;0.602899169921875;0.6741596609354019;0.6385294154286385;0.0
102670;104099;1;0.7469841182231903;0.7469841182231903;0.7469841182231903;0.0
100558;102477;1;0.6872899115085602;0.6872899115085602;0.6872899115085602;0.0
102670;3710;1;0.598333340883255;0.598333340883255;0.598333340883255;0.0
103830;104167;1;0.7674999952316284;0.7674999952316284;0.7674999952316284;0.0
104396;107779;1;0.8046428561210632;0.8046428561210632;0.8046428561210632;0.0
100785;103181;1;0.7666666656732559;0.7666666656732559;0.7666666656732559;0.0
100054;104310;2;0.7447487264871597;0.8668109689440047;0.8057798477155822;0.0
104099;107734;1;0.7867604434490204;0.7867604434490204;0.7867604434490204;0.0
100558;105518;1;0.5660238862037659;0.5660238862037659;0.5660238862037659;0.0
2619;6174;12;0.9375;1.0;0.9737092391304348;1.0
5664;8717;9;0.8545454502105713;1.0;0.974218373450022;1.0
7515;7769;5;0.9071759258707365;1.0;0.9481984721793644;1.0
4490;7121;3;0.8333333283662796;0.9333333313465119;0.8835748757573141;1.0
103056;107620;1;0.8122599869966507;0.8122599869966507;0.8122599869966507;0.0
100717;105076;1;0.7671428442001342;0.7671428442001342;0.7671428442001342;0.0
100785;106212;1;0.7603174597024918;0.7603174597024918;0.7603174597024918;0.0
102514;103997;1;0.6499248087406159;0.6499248087406159;0.6499248087406159;0.0
100856;104842;1;0.7252923995256424;0.7252923995256424;0.7252923995256424;0.0
100856;103997;1;0.6691353559494019;0.6691353559494019;0.6691353559494019;0.0
102670;108429;1;0.7533333420753479;0.7533333420753479;0.7533333420753479;0.0
101613;108771;1;0.8511029444634916;0.8511029444634916;0.8511029444634916;0.0
101821;103846;1;0.9068322990621839;0.9068322990621839;0.9068322990621839;0.0
101480;102987;1;0.6413636386394501;0.6413636386394501;0.6413636386394501;0.0
103002;104099;1;0.800912544131279;0.800912544131279;0.800912544131279;0.0
106275;106684;1;0.8414672970771789;0.8414672970771789;0.8414672970771789;0.0
101480;103830;1;0.5090151488780975;0.5090151488780975;0.5090151488780975;0.0
103691;107477;1;0.7358172982931137;0.7358172982931137;0.7358172982931137;0.0
102514;102670;1;0.6561904728412629;0.6561904728412629;0.6561904728412629;0.0
103356;108369;1;0.7648148238658905;0.7648148238658905;0.7648148238658905;0.0
100717;100856;2;0.7604166716337204;0.8916666686534882;0.8260416701436043;0.0
100717;105066;1;0.6187190860509872;0.6187190860509872;0.6187190860509872;0.0
103114;108932;1;0.8677248720611844;0.8677248720611844;0.8677248720611844;0.0
8368;9076;6;0.948275860013633;1.0;0.9855580543105985;1.0
105518;109651;1;0.814786970615387;0.814786970615387;0.814786970615387;0.0
105156;105956;1;0.7883838415145874;0.7883838415145874;0.7883838415145874;0.0
100558;104872;1;0.7532212793827057;0.7532212793827057;0.7532212793827057;0.0
100717;109426;1;0.7040518075227737;0.7040518075227737;0.7040518075227737;0.0
100054;101021;1;0.6375165283679962;0.6375165283679962;0.6375165283679962;0.0
102477;104310;1;0.6197205007076263;0.6197205007076263;0.6197205007076263;0.0
100054;104533;1;0.7006346136331558;0.7006346136331558;0.7006346136331558;0.0
104396;105156;1;0.7662087857723237;0.7662087857723237;0.7662087857723237;0.0
4266;6690;1;1.0;1.0;1.0;1.0
103997;105349;1;0.504824560880661;0.504824560880661;0.504824560880661;0.0
103056;106511;1;0.6576013714075089;0.6576013714075089;0.6576013714075089;0.0
4588;4774;4;0.8115941959878674;0.9605911353538776;0.9103082358233932;1.0
100446;108216;1;0.7903381645679474;0.7903381645679474;0.7903381645679474;0.0
100717;109651;1;0.6697198629379273;0.6697198629379273;0.6697198629379273;0.0
104117;2004;1;0.5626685380935669;0.5626685380935669;0.5626685380935669;0.0
102831;105076;1;0.5750995993614196;0.5750995993614196;0.5750995993614196;0.0
5394;5418;5;0.9627614234175;1.0;0.980677283938442;1.0
101624;109637;1;0.7173309326171875;0.7173309326171875;0.7173309326171875;0.0
103830;104396;1;0.8948717892169953;0.8948717892169953;0.8948717892169953;0.0
104117;104872;1;0.5988193631172181;0.5988193631172181;0.5988193631172181;0.0
104310;3710;2;0.6514285802841187;0.7897456735372543;0.7205871269106865;0.0
100856;101555;1;0.7727521806955338;0.7727521806955338;0.7727521806955338;0.0
104495;106383;1;0.718141034245491;0.718141034245491;0.718141034245491;0.0
109732;109743;1;0.8916666656732559;0.8916666656732559;0.8916666656732559;0.0
101502;104396;1;0.8649572730064392;0.8649572730064392;0.8649572730064392;0.0
105349;108429;1;0.62833331823349;0.62833331823349;0.62833331823349;0.0
104145;109714;1;0.8115942063538926;0.8115942063538926;0.8115942063538926;0.0
103997;108429;1;0.609473705291748;0.609473705291748;0.609473705291748;0.0
104117;104842;1;0.8341177403926849;0.8341177403926849;0.8341177403926849;0.0
100331;100785;1;0.7430555522441864;0.7430555522441864;0.7430555522441864;0.0
104099;104289;1;0.5439473450183868;0.5439473450183868;0.5439473450183868;0.0
103424;104533;1;0.8108134865760803;0.8108134865760803;0.8108134865760803;0.0
100856;102477;1;0.6797077894210816;0.6797077894210816;0.6797077894210816;0.0
105066;109749;1;0.8235362023115158;0.8235362023115158;0.8235362023115158;0.0
100708;104500;1;0.7963925004005432;0.7963925004005432;0.7963925004005432;0.0
100521;103424;1;0.7858893573284149;0.7858893573284149;0.7858893573284149;0.0
102838;103772;1;0.7422222197055817;0.7422222197055817;0.7422222197055817;0.0
100054;104117;1;0.6236249506473541;0.6236249506473541;0.6236249506473541;0.0
100054;107620;1;0.7362279146909714;0.7362279146909714;0.7362279146909714;0.0
101502;104167;1;0.7276190459728241;0.7276190459728241;0.7276190459728241;0.0
100558;107734;2;0.7694804966449738;0.7890756011009217;0.7792780488729477;0.0
101555;107620;1;0.7635491639375687;0.7635491639375687;0.7635491639375687;0.0
103731;104112;2;0.7947222292423248;0.8067982435226441;0.8007602363824844;0.0
7622;8349;11;0.9117647111415863;1.0;0.9596989585391601;1.0
104099;2004;1;0.5440476179122925;0.5440476179122925;0.5440476179122925;0.0
101555;104117;1;0.7786253839731216;0.7786253839731216;0.7786253839731216;0.0
102948;105901;1;0.9060150342328208;0.9060150342328208;0.9060150342328208;0.0
108429;109651;1;0.5644024074077606;0.5644024074077606;0.5644024074077606;0.0
101021;103056;1;0.712797611951828;0.712797611951828;0.712797611951828;0.0
100083;105156;1;0.9100529083183834;0.9100529083183834;0.9100529083183834;0.0
104099;108876;1;0.635072723031044;0.635072723031044;0.635072723031044;0.0
103056;104310;1;0.7532702684402466;0.7532702684402466;0.7532702684402466;0.0
102670;104289;1;0.548199599981308;0.548199599981308;0.548199599981308;0.0
104310;109651;1;0.6450676083564758;0.6450676083564758;0.6450676083564758;0.0
103997;104289;1;0.8037568986415863;0.8037568986415863;0.8037568986415863;0.0
104099;105349;1;0.7359523594379425;0.7359523594379425;0.7359523594379425;0.0
104289;108429;1;0.5808044910430908;0.5808044910430908;0.5808044910430908;0.0
101021;107620;1;0.7219448685646057;0.7219448685646057;0.7219448685646057;0.0
100083;107779;1;0.8882275181157249;0.8882275181157249;0.8882275181157249;0.0
103002;109749;1;0.8270669430494308;0.8270669430494308;0.8270669430494308;0.0
103056;103424;1;0.7552083283662796;0.7552083283662796;0.7552083283662796;0.0
103691;108369;1;0.6927884668111801;0.6927884668111801;0.6927884668111801;0.0
4676;8097;2;0.8084967255592346;0.8408638912698497;0.8246803084145422;1.0
3670;8151;7;0.8513986021280289;0.9423076957464218;0.8855818083660204;1.0
105518;3710;1;0.8016666829586029;0.8016666829586029;0.8016666829586029;0.0
108380;108482;1;0.752083346247673;0.752083346247673;0.752083346247673;0.0
100856;104872;1;0.824675327539444;0.824675327539444;0.824675327539444;0.0
103356;107477;1;0.7277777791023254;0.7277777791023254;0.7277777791023254;0.0
100054;103002;1;0.6951995193958282;0.6951995193958282;0.6951995193958282;0.0
4613;6116;5;0.9243294987185248;0.9895833308498064;0.9686615852570009;1.0
2406;7291;6;0.9281609161146755;1.0;0.982736508487089;1.0
104389;107811;1;0.7237689346075058;0.7237689346075058;0.7237689346075058;0.0
102670;105349;1;0.7045454323291779;0.7045454323291779;0.7045454323291779;0.0
3722;6719;1;1.0;1.0;1.0;1.0
100054;106511;1;0.7310637682676315;0.7310637682676315;0.7310637682676315;0.0
101556;105525;1;0.6497946828603745;0.6497946828603745;0.6497946828603745;0.0
102477;104117;1;0.5175123274326324;0.5175123274326324;0.5175123274326324;0.0
101462;109608;2;0.8248471803963185;0.8517694576926854;0.838308319044502;0.0
101021;104117;2;0.7488982081413269;0.8785066485404969;0.8137024283409119;0.0
103056;104533;1;0.7603688836097717;0.7603688836097717;0.7603688836097717;0.0
2026;4601;4;0.9077381007373333;1.0;0.9551953960453039;1.0
105076;105518;1;0.5906801104545594;0.5906801104545594;0.5906801104545594;0.0
104321;109639;1;0.7833333313465118;0.7833333313465118;0.7833333313465118;0.0
104396;107521;1;0.8307692170143127;0.8307692170143127;0.8307692170143127;0.0
100054;103056;3;0.8214285671710968;0.8361111134290695;0.8283862441778184;0.0
104310;105076;2;0.8335403800010681;0.9080782341105599;0.870809307055814;0.0
104862;108239;1;0.7035839259624481;0.7035839259624481;0.7035839259624481;0.0
103002;108876;1;0.7101027518510818;0.7101027518510818;0.7101027518510818;0.0
100187;101555;1;0.824366569519043;0.824366569519043;0.824366569519043;0.0
107477;108369;1;0.6303864791989326;0.6303864791989326;0.6303864791989326;0.0
7769;8151;3;0.8357817021509012;0.8822649568319321;0.8577514192368386;1.0
102514;105760;1;0.8245039582252502;0.8245039582252502;0.8245039582252502;0.0
1838;7934;4;0.9137931034482759;1.0;0.9577443433487076;1.0
105760;107779;1;0.8956207398857389;0.8956207398857389;0.8956207398857389;0.0
100331;103170;1;0.7496212124824524;0.7496212124824524;0.7496212124824524;0.0
1884;9542;2;0.9450483114823053;0.9527972005307674;0.9489227560065363;1.0
108841;109058;1;0.8152173906564713;0.8152173906564713;0.8152173906564713;0.0
7980;9790;5;0.9245184784134229;0.9767080882321234;0.9564182834367327;1.0
7920;8494;9;0.8906746208667755;0.9923371754843613;0.9440035548241364;1.0
100054;104396;1;0.6171794891357422;0.6171794891357422;0.6171794891357422;0.0
104310;109426;1;0.7350135892629623;0.7350135892629623;0.7350135892629623;0.0
104099;108429;1;0.7492063403129577;0.7492063403129577;0.7492063403129577;0.0
104310;105066;1;0.626668855547905;0.626668855547905;0.626668855547905;0.0
101021;102831;1;0.6034441769123078;0.6034441769123078;0.6034441769123078;0.0
104117;105349;1;0.6894455015659332;0.6894455015659332;0.6894455015659332;0.0
101480;105156;1;0.6446320414543152;0.6446320414543152;0.6446320414543152;0.0
4508;9662;1;1.0;1.0;1.0;1.0
109749;3710;1;0.6136021912097931;0.6136021912097931;0.6136021912097931;0.0
6761;7869;4;0.7366666376590729;0.8916666656732559;0.834106267567562;1.0
100893;101624;1;0.7368181794881821;0.7368181794881821;0.7368181794881821;0.0
100558;101555;1;0.6644349843263626;0.6644349843263626;0.6644349843263626;0.0
100331;103181;1;0.7527777701616287;0.7527777701616287;0.7527777701616287;0.0
100331;106212;1;0.7710497826337814;0.7710497826337814;0.7710497826337814;0.0
4601;8410;1;0.8029040396213531;0.8029040396213531;0.8029040396213531;0.0
105156;107521;1;0.7630952358245849;0.7630952358245849;0.7630952358245849;0.0
3383;6969;10;0.9000000059604645;0.9918831139802933;0.9435191691893599;1.0
100717;101555;1;0.8008771687746048;0.8008771687746048;0.8008771687746048;0.0
100856;3710;2;0.6772619187831879;0.7528769820928574;0.7150694504380226;0.0
102831;103997;1;0.753188407421112;0.753188407421112;0.753188407421112;0.0
2139;3296;5;0.845728451791017;0.9436090247971671;0.8965478331837842;1.0
104099;109749;1;0.8784461319446564;0.8784461319446564;0.8784461319446564;0.0
100187;104842;1;0.8171717077493668;0.8171717077493668;0.8171717077493668;0.0
101480;108216;1;0.6719191789627075;0.6719191789627075;0.6719191789627075;0.0
104117;107734;1;0.6968323409557342;0.6968323409557342;0.6968323409557342;0.0
104512;109129;1;0.7064516246318817;0.7064516246318817;0.7064516246318817;0.0
104872;109651;2;0.710014009475708;0.9042950464146478;0.807154527945178;0.0
10983;11174;2;0.8152272820472717;0.9232323318719864;0.869229806959629;1.0
103056;104167;1;0.6285714209079742;0.6285714209079742;0.6285714209079742;0.0
5912;8949;1;1.0;1.0;1.0;1.0
103645;105876;1;0.7769230753183365;0.7769230753183365;0.7769230753183365;0.0
100558;2004;1;0.602899169921875;0.602899169921875;0.602899169921875;0.0
100521;100717;1;0.7435457408428192;0.7435457408428192;0.7435457408428192;0.0
2813;3155;5;0.9406926214694977;0.9837662279605865;0.9685493843840517;1.0
102120;103056;1;0.719047611951828;0.719047611951828;0.719047611951828;0.0
4358;6398;3;0.8095238001450249;0.869047611951828;0.8480158617531043;1.0
105538;105923;1;0.714880958199501;0.714880958199501;0.714880958199501;0.0
105148;105156;1;0.8309295177459717;0.8309295177459717;0.8309295177459717;0.0
101502;103056;1;0.5654761672019959;0.5654761672019959;0.5654761672019959;0.0
103997;104099;1;0.5718045055866241;0.5718045055866241;0.5718045055866241;0.0
100521;104099;1;0.6851307302713394;0.6851307302713394;0.6851307302713394;0.0
5324;7847;1;1.0;1.0;1.0;1.0
7859;9798;5;0.9669117666780949;1.0;0.985322153147148;1.0
104051;108932;1;0.9272486780370984;0.9272486780370984;0.9272486780370984;0.0
105098;107056;2;0.8152777791023255;0.8852068036794662;0.8502422913908958;0.0
101693;102395;1;0.7394047677516937;0.7394047677516937;0.7394047677516937;0.0
102514;107734;1;0.7156926214694976;0.7156926214694976;0.7156926214694976;0.0
9348;9485;13;0.9672618997948511;1.0;0.9883470692149885;1.0
100856;105518;1;0.6321616411209107;0.6321616411209107;0.6321616411209107;0.0
100446;107521;1;0.6427536189556122;0.6427536189556122;0.6427536189556122;0.0
108362;108392;1;0.8048484861850739;0.8048484861850739;0.8048484861850739;0.0
103676;108771;1;0.7598535977303982;0.7598535977303982;0.7598535977303982;0.0
104167;105956;1;0.7672799468040467;0.7672799468040467;0.7672799468040467;0.0
102120;104396;1;0.7762820482254028;0.7762820482254028;0.7762820482254028;0.0
7161;8131;11;0.8050072975456715;1.0;0.9617291788898202;1.0
103398;107056;4;0.8640872985124588;0.8974206209182739;0.8790025874972344;0.0
101021;105066;1;0.588731437921524;0.588731437921524;0.588731437921524;0.0
10293;7599;5;0.8037795573472977;0.948979594877788;0.868107643666413;1.0
101021;109426;1;0.6548794060945511;0.6548794060945511;0.6548794060945511;0.0
102960;105032;1;0.7483108043670654;0.7483108043670654;0.7483108043670654;0.0
109296;109299;4;0.9142031410466072;0.9250301122665405;0.9218338067116945;0.0
4395;8725;12;0.9444444477558136;0.9843750037252904;0.9623826213215727;1.0
102831;104872;1;0.643171364068985;0.643171364068985;0.643171364068985;0.0
101480;107779;1;0.5067424237728119;0.5067424237728119;0.5067424237728119;0.0
102477;2004;1;0.6950757563114166;0.6950757563114166;0.6950757563114166;0.0
10230;8029;12;0.9333333373069763;0.9916666746139526;0.9555123376799523;1.0
102514;104872;1;0.7669047594070435;0.7669047594070435;0.7669047594070435;0.0
100446;107779;1;0.5913949251174927;0.5913949251174927;0.5913949251174927;0.0
104872;105076;1;0.7853896260261536;0.7853896260261536;0.7853896260261536;0.0
102987;104396;1;0.8077700078487396;0.8077700078487396;0.8077700078487396;0.0
104396;105956;1;0.7015734314918518;0.7015734314918518;0.7015734314918518;0.0
105518;2004;1;0.8016666829586029;0.8016666829586029;0.8016666829586029;0.0
100856;105349;2;0.7353895962238312;0.8176406770944595;0.7765151366591454;0.0
100558;102670;1;0.7943277180194854;0.7943277180194854;0.7943277180194854;0.0
7037;7237;12;0.9175330579280854;0.980158731341362;0.9451492610508981;1.0
102120;104167;1;0.7399999976158143;0.7399999976158143;0.7399999976158143;0.0
7604;7980;6;0.9458595961332321;0.9694065132311415;0.952449930560281;1.0
102760;103339;2;0.8026315718889236;0.8163430333137512;0.8094873026013374;0.0
105538;105701;1;0.7768398225307465;0.7768398225307465;0.7768398225307465;0.0
6314;8464;9;0.9193363785743713;0.9736842066049576;0.9400235980600371;1.0
100521;100558;1;0.6181372702121735;0.6181372702121735;0.6181372702121735;0.0
101021;105076;1;0.7100589215755463;0.7100589215755463;0.7100589215755463;0.0
104533;104842;1;0.7648391872644424;0.7648391872644424;0.7648391872644424;0.0
104389;106582;1;0.7656249850988388;0.7656249850988388;0.7656249850988388;0.0
102562;104023;1;0.7739845961332321;0.7739845961332321;0.7739845961332321;0.0
104533;3710;1;0.7072733938694;0.7072733938694;0.7072733938694;0.0
103056;104396;1;0.6560439527034759;0.6560439527034759;0.6560439527034759;0.0
4291;4905;3;0.9507389140540156;1.0;0.9835796380180052;1.0
102987;103056;1;0.7142857074737549;0.7142857074737549;0.7142857074737549;0.0
6506;6952;3;0.859375;0.9523809552192688;0.9122968437015148;1.0
100054;104167;1;0.6449999928474426;0.6449999928474426;0.6449999928474426;0.0
105156;105760;2;0.8015872985124588;0.9319728038140705;0.8667800511632646;0.0
4108;7977;9;0.9057692170143128;1.0;0.9543955088417599;1.0
103398;105098;2;0.8388888895511627;0.8940972238779068;0.8664930567145348;0.0
103056;104117;1;0.6739912629127502;0.6739912629127502;0.6739912629127502;0.0
8301;9114;3;0.80000000414641;0.8850000023841857;0.84083333749702;1.0
105349;3710;1;0.5075757563114166;0.5075757563114166;0.5075757563114166;0.0
100083;105760;1;0.7500000042574746;0.7500000042574746;0.7500000042574746;0.0
104117;105518;1;0.5197148323059082;0.5197148323059082;0.5197148323059082;0.0
5010;5205;9;0.8536549746990204;0.9636243390185493;0.9372181856311984;1.0
109274;109278;1;0.7885168641805649;0.7885168641805649;0.7885168641805649;0.0
103350;104042;3;0.8421052746150806;0.9396929889917374;0.9009502994409506;0.0
100717;102831;1;0.6686018407344818;0.6686018407344818;0.6686018407344818;0.0
103548;106936;1;0.8487103146811328;0.8487103146811328;0.8487103146811328;0.0
101555;105066;1;0.6966027617454529;0.6966027617454529;0.6966027617454529;0.0
101021;109651;1;0.5722767114639282;0.5722767114639282;0.5722767114639282;0.0
7094;9189;10;0.8909090876579284;1.0;0.9532980940037448;1.0
101555;109426;1;0.7522660791873932;0.7522660791873932;0.7522660791873932;0.0
105131;107056;1;0.746666669845581;0.746666669845581;0.746666669845581;0.0
101830;103691;1;0.7233231663703918;0.7233231663703918;0.7233231663703918;0.0
101107;101624;1;0.75108902156353;0.75108902156353;0.75108902156353;0.0
10240;7367;4;0.9812499955296516;0.9933333337306977;0.9865806153449027;1.0
106582;107811;1;0.7239583283662796;0.7239583283662796;0.7239583283662796;0.0
104734;105700;1;0.7338235229253769;0.7338235229253769;0.7338235229253769;0.0
6620;7622;1;0.8933333307504654;0.8933333307504654;0.8933333307504654;1.0
3086;3215;3;0.8923076868057251;1.0;0.9641025622685749;1.0
102349;109732;1;0.8278260852979578;0.8278260852979578;0.8278260852979578;0.0
100856;107734;2;0.8569805264472962;0.8820346295833588;0.8695075780153274;0.0
100558;103997;1;0.6175188004970551;0.6175188004970551;0.6175188004970551;0.0
102987;104167;1;0.8561688363552094;0.8561688363552094;0.8561688363552094;0.0
104396;104418;1;0.7681235313415528;0.7681235313415528;0.7681235313415528;0.0
100558;104842;1;0.6886695921421051;0.6886695921421051;0.6886695921421051;0.0
2890;2891;4;0.9057971005854399;1.0;0.9538798304949551;1.0
102514;105518;1;0.6836841881275177;0.6836841881275177;0.6836841881275177;0.0
