elemento1;elemento2;qtdAlg;min;max;med;duplicata
100558;109426;1;0.6612784266471863;0.6612784266471863;0.6612784266471863;0.0
100558;104099;1;0.7396464794874191;0.7396464794874191;0.7396464794874191;0.0
100083;102987;1;0.9357263211693082;0.9357263211693082;0.9357263211693082;0.0
104842;107620;1;0.707939550280571;0.707939550280571;0.707939550280571;0.0
100717;104310;3;0.824765533208847;0.8482142984867096;0.8395785119222557;0.0
6413;7975;8;0.8457222917805547;1.0;0.9541250274759596;1.0
104289;3710;1;0.7931643257970397;0.7931643257970397;0.7931643257970397;0.0
106511;107620;1;0.6821673512458801;0.6821673512458801;0.6821673512458801;0.0
100054;105076;1;0.9097222302641187;0.9097222302641187;0.9097222302641187;0.0
103002;104310;1;0.6949232220649719;0.6949232220649719;0.6949232220649719;0.0
102477;107056;1;0.8003952632779661;0.8003952632779661;0.8003952632779661;0.0
100521;103056;1;0.6960784196853638;0.6960784196853638;0.6960784196853638;0.0
101555;3710;1;0.789483368396759;0.789483368396759;0.789483368396759;0.0
100187;100856;1;0.7174316644668579;0.7174316644668579;0.7174316644668579;0.0
107994;108153;2;0.8829410212735336;0.9031236038125795;0.8930323125430566;0.0
3395;5122;4;0.8573499010956805;1.0;0.9045284494312237;1.0
100558;100856;3;0.8142931461334229;0.8342965685802959;0.8227651415095814;0.0
104500;105760;1;0.7545634806156158;0.7545634806156158;0.7545634806156158;0.0
103676;104424;1;0.8186011885603269;0.8186011885603269;0.8186011885603269;0.0
10383;7852;1;1.0;1.0;1.0;1.0
6382;7920;13;0.9375;1.0;0.9609926607209217;1.0
103832;109732;2;0.8262061439454557;0.8608695631441864;0.843537853544821;0.0
8364;8526;10;0.8064182322958242;1.0;0.9588741320192655;1.0
100856;109749;1;0.8172637820243835;0.8172637820243835;0.8172637820243835;0.0
2366;2367;7;0.8708333373069763;0.9091787338256836;0.8839297189722396;1.0
100810;105094;3;0.8437500037252903;0.8690476218859354;0.858717221946676;0.0
104842;3710;1;0.7180555611848831;0.7180555611848831;0.7180555611848831;0.0
5204;7514;4;0.876811595066734;1.0;0.917553593573309;1.0
100558;105066;1;0.7294009625911713;0.7294009625911713;0.7294009625911713;0.0
103668;108962;1;0.8939732142857143;0.8939732142857143;0.8939732142857143;0.0
103424;109749;1;0.7795874625444412;0.7795874625444412;0.7795874625444412;0.0
100054;100856;2;0.7812139242887497;0.8456491061619351;0.8134315152253424;0.0
104872;107734;1;0.8281102880187656;0.8281102880187656;0.8281102880187656;0.0
100358;103646;1;1.0;1.0;1.0;0.0
104610;105320;1;0.9888392857142857;0.9888392857142857;0.9888392857142857;0.0
100521;108876;1;0.7449473291635513;0.7449473291635513;0.7449473291635513;0.0
8306;8663;2;0.8030303094698035;0.9666666686534882;0.8848484890616458;1.0
5574;7562;2;0.8217391345811929;0.8217391345811929;0.8217391345811929;1.0
4563;5122;2;0.8110765970271567;0.9314170756510326;0.8712468363390946;1.0
107620;3710;1;0.7448348551988602;0.7448348551988602;0.7448348551988602;0.0
104117;105066;1;0.7108636945486069;0.7108636945486069;0.7108636945486069;0.0
104117;109426;1;0.7185379266738892;0.7185379266738892;0.7185379266738892;0.0
5731;8779;1;1.0;1.0;1.0;1.0
100558;105076;1;0.7217036744822627;0.7217036744822627;0.7217036744822627;0.0
4441;7515;2;0.9812499955296516;1.0;0.9906249977648258;1.0
100717;104533;1;0.6800438612699509;0.6800438612699509;0.6800438612699509;0.0
8260;8445;8;0.8660104423761368;0.950372027233243;0.9251342401142036;1.0
104533;107620;1;0.8186939656734467;0.8186939656734467;0.8186939656734467;0.0
100717;101021;1;0.7979166805744171;0.7979166805744171;0.7979166805744171;0.0
6992;7802;8;0.8275556614001592;0.9432291723787786;0.8987667191895131;1.0
102477;105098;1;0.7187637272088424;0.7187637272088424;0.7187637272088424;0.0
101555;104842;1;0.807936504483223;0.807936504483223;0.807936504483223;0.0
2427;8640;1;0.9555921107530594;0.9555921107530594;0.9555921107530594;1.0
104310;104842;1;0.7637077420949936;0.7637077420949936;0.7637077420949936;0.0
100187;100521;1;0.7485230416059494;0.7485230416059494;0.7485230416059494;0.0
103002;104533;1;0.8665718883275986;0.8665718883275986;0.8665718883275986;0.0
100832;109238;1;0.8374999966472387;0.8374999966472387;0.8374999966472387;0.0
101021;101555;1;0.742147907614708;0.742147907614708;0.742147907614708;0.0
100054;100717;1;0.6533730179071426;0.6533730179071426;0.6533730179071426;0.0
103424;108876;1;0.7645029723644257;0.7645029723644257;0.7645029723644257;0.0
7192;7778;8;0.9137931034482759;1.0;0.9892241379310345;1.0
6944;9868;1;0.9821428507566452;0.9821428507566452;0.9821428507566452;1.0
6354;8424;5;0.8172619069616;0.9833333343267441;0.8953575785501281;1.0
102514;105148;1;0.808600440621376;0.808600440621376;0.808600440621376;0.0
3159;9969;1;0.9947916716337204;0.9947916716337204;0.9947916716337204;1.0
4297;8636;1;1.0;1.0;1.0;1.0
100856;108876;1;0.7677289843559265;0.7677289843559265;0.7677289843559265;0.0
3356;6955;2;0.9625000022351742;1.0;0.9812500011175871;1.0
102762;103690;1;0.902597399694579;0.902597399694579;0.902597399694579;0.0
100717;102477;1;0.6107142852700276;0.6107142852700276;0.6107142852700276;0.0
101465;108771;1;0.8830049272094455;0.8830049272094455;0.8830049272094455;0.0
10107;7341;2;0.9910714291036129;1.0;0.9955357145518064;1.0
7542;8823;7;0.8907987864121147;0.9749721966940782;0.9279384639546402;1.0
7653;8029;8;0.8944630311883014;0.9725274741649628;0.9251999406386977;1.0
100054;104099;1;0.6942460238933563;0.6942460238933563;0.6942460238933563;0.0
100054;109426;1;0.7445279657840729;0.7445279657840729;0.7445279657840729;0.0
108876;109749;1;0.658062532544136;0.658062532544136;0.658062532544136;0.0
109053;109245;2;0.8559006206367327;1.0;0.9279503103183664;0.0
2004;3710;3;1.0;1.0;1.0;1.0
104099;3710;1;0.6101190447807312;0.6101190447807312;0.6101190447807312;0.0
100054;105066;1;0.620107963681221;0.620107963681221;0.620107963681221;0.0
10383;6858;13;0.9236039286074432;0.9666666686534882;0.9362552031046418;1.0
3192;7923;13;0.9749999940395355;1.0;0.9824739831867647;1.0
100558;100717;2;0.6842320412397385;0.7387041890102884;0.7114681151250135;0.0
6858;7852;14;0.9199909845302845;0.9666666686534882;0.9381997155183258;1.0
101021;104842;1;0.6946759074926376;0.6946759074926376;0.6946759074926376;0.0
102514;105156;1;0.7923611104488373;0.7923611104488373;0.7923611104488373;0.0
108843;108932;1;0.9242424219846725;0.9242424219846725;0.9242424219846725;0.0
5371;5959;2;0.8309178663336713;0.8309178663336713;0.8309178663336713;1.0
100856;103056;1;0.8526785671710968;0.8526785671710968;0.8526785671710968;0.0
103002;3710;1;0.7068556696176529;0.7068556696176529;0.7068556696176529;0.0
3539;4190;3;0.9137931034482759;1.0;0.9660560344827586;1.0
104872;105349;1;0.720703933549964;0.720703933549964;0.720703933549964;0.0
11423;11538;5;0.8250612753132979;0.989999994635582;0.9265764222628828;1.0
100170;100358;12;0.8500000089406967;0.9750000014901162;0.9495269756332255;0.0
100708;105148;1;0.8330107182264328;0.8330107182264328;0.8330107182264328;0.0
100717;104872;1;0.7387163664983667;0.7387163664983667;0.7387163664983667;0.0
5426;7869;1;1.0;1.0;1.0;1.0
7525;8995;9;0.8812499940395355;0.9695616774260998;0.9165871921315711;1.0
6802;8890;1;0.964880958199501;0.964880958199501;0.964880958199501;1.0
3792;8891;9;0.8940972288449606;0.9411458354443312;0.9098804479197938;1.0
100856;104099;1;0.7967171519994736;0.7967171519994736;0.7967171519994736;0.0
100856;105066;1;0.7649649530649185;0.7649649530649185;0.7649649530649185;0.0
103056;3710;1;0.7139880955219269;0.7139880955219269;0.7139880955219269;0.0
104533;106511;1;0.7390107959508896;0.7390107959508896;0.7390107959508896;0.0
104842;108876;1;0.7703931629657745;0.7703931629657745;0.7703931629657745;0.0
4124;6737;7;0.8136645814646846;1.0;0.9157760515302217;1.0
103002;103424;1;0.8360092788934708;0.8360092788934708;0.8360092788934708;0.0
106511;108876;1;0.6139345020055771;0.6139345020055771;0.6139345020055771;0.0
103424;105066;1;0.7562181204557419;0.7562181204557419;0.7562181204557419;0.0
104789;105642;1;0.8030690550804138;0.8030690550804138;0.8030690550804138;0.0
103424;109426;1;0.794394850730896;0.794394850730896;0.794394850730896;0.0
2771;5458;8;0.915178582072258;1.0;0.983644879396087;1.0
10383;7653;8;0.8944630311883014;0.9725274741649628;0.9251999406386977;1.0
10119;7664;8;0.8753235042095184;0.9713541697710754;0.9465602738771516;1.0
103424;104099;1;0.7708333283662796;0.7708333283662796;0.7708333283662796;0.0
2571;9019;2;1.0;1.0;1.0;1.0
3722;8453;1;1.0;1.0;1.0;1.0
7123;9038;13;0.9137931034482759;1.0;0.9656960498363776;1.0
102987;105760;1;0.9113906813519341;0.9113906813519341;0.9113906813519341;0.0
3670;7515;11;0.936141312122345;0.9680706560611726;0.9492997729649368;1.0
4306;8636;1;1.0;1.0;1.0;1.0
105016;107434;2;0.8230676320583924;1.0;0.9115338160291961;0.0
100856;109426;1;0.7668494284152985;0.7668494284152985;0.7668494284152985;0.0
100717;103424;1;0.7253472059965134;0.7253472059965134;0.7253472059965134;0.0
100708;105156;1;0.7723214328289032;0.7723214328289032;0.7723214328289032;0.0
102120;105098;1;0.8263888955116272;0.8263888955116272;0.8263888955116272;0.0
4124;7722;7;0.8136645814646846;1.0;0.9157760515302217;1.0
101613;103676;1;0.710171565413475;0.710171565413475;0.710171565413475;0.0
4145;4886;10;0.8588368167047915;1.0;0.9767740501666952;1.0
104117;109749;1;0.7465978711843491;0.7465978711843491;0.7465978711843491;0.0
105066;3710;1;0.6192959100008011;0.6192959100008011;0.6192959100008011;0.0
3670;7769;4;0.867592600484689;0.936141312122345;0.8986327249988697;1.0
11006;11008;4;0.8405797131683516;1.0;0.8933046517819436;1.0
101465;108962;1;0.9137930997780391;0.9137930997780391;0.9137930997780391;0.0
100558;107056;1;0.6923638841380244;0.6923638841380244;0.6923638841380244;0.0
105723;107973;1;0.8500749650208848;0.8500749650208848;0.8500749650208848;0.0
9588;9811;14;0.9687499962747097;1.0;0.9755778727794417;1.0
11150;8901;14;0.9233716469386528;1.0;0.9839443499985226;1.0
6798;9068;2;0.8159362534061074;0.8619791679084301;0.8389577106572688;1.0
104842;109749;1;0.7555247098207474;0.7555247098207474;0.7555247098207474;0.0
4895;9209;13;0.9642857164144516;1.0;0.9749628405856049;1.0
102948;107999;1;0.9071428605488369;0.9071428605488369;0.9071428605488369;0.0
103232;109238;1;0.81666665772597;0.81666665772597;0.81666665772597;0.0
4384;5657;3;1.0;1.0;1.0;1.0
100187;100558;1;0.6637700349092484;0.6637700349092484;0.6637700349092484;0.0
103672;103676;1;0.8835403685058866;0.8835403685058866;0.8835403685058866;0.0
11531;6210;4;0.8434782611287158;1.0;0.8952445653908332;1.0
7794;8890;11;0.9299242496490479;0.9821428582072258;0.9466892178017002;1.0
1858;9637;2;1.0;1.0;1.0;1.0
4441;7769;4;0.9227053186167842;1.0;0.9482689241784207;1.0
105156;107779;1;0.9402635970285961;0.9402635970285961;0.9402635970285961;0.0
4419;7644;1;0.984375;0.984375;0.984375;1.0
108876;109426;1;0.7301768958568573;0.7301768958568573;0.7301768958568573;0.0
100446;103815;1;0.8082079142332077;0.8082079142332077;0.8082079142332077;0.0
2187;2418;2;1.0;1.0;1.0;1.0
2823;4684;10;0.9041537642478943;0.9594298228621484;0.9310833428648936;1.0
102120;107056;1;0.7906746119260788;0.7906746119260788;0.7906746119260788;0.0
100521;109749;1;0.6710325181484222;0.6710325181484222;0.6710325181484222;0.0
104310;104872;1;0.7326491993406544;0.7326491993406544;0.7326491993406544;0.0
5426;6761;5;0.744927509971287;0.8999999947845936;0.8437288546367832;1.0
2188;8063;9;0.9202898403872615;1.0;0.9751798512681046;1.0
103002;104842;1;0.807732880115509;0.807732880115509;0.807732880115509;0.0
101613;104424;1;0.842830877751112;0.842830877751112;0.842830877751112;0.0
103056;109426;1;0.8075605779886246;0.8075605779886246;0.8075605779886246;0.0
103056;105066;1;0.700770378112793;0.700770378112793;0.700770378112793;0.0
101983;108733;1;0.9054621798651559;0.9054621798651559;0.9054621798651559;0.0
103056;104099;1;0.730555534362793;0.730555534362793;0.730555534362793;0.0
6858;7653;8;0.8180669597957446;0.9111111164093018;0.8644266977113736;1.0
107620;108876;1;0.7653649598360062;0.7653649598360062;0.7653649598360062;0.0
100054;100521;1;0.5446078330278397;0.5446078330278397;0.5446078330278397;0.0
104117;108876;1;0.7160637825727463;0.7160637825727463;0.7160637825727463;0.0
102629;105682;1;0.8072916641831398;0.8072916641831398;0.8072916641831398;0.0
100558;105098;1;0.6041133714758832;0.6041133714758832;0.6041133714758832;0.0
100717;104842;1;0.7111111134290695;0.7111111134290695;0.7111111134290695;0.0
109495;109674;1;0.8079710110374119;0.8079710110374119;0.8079710110374119;0.0
103424;108429;1;0.9011919796466829;0.9011919796466829;0.9011919796466829;0.0
5542;6695;9;0.8939740554146145;0.9791666716337204;0.9413464104299799;1.0
104533;105066;1;0.7744311392307281;0.7744311392307281;0.7744311392307281;0.0
103069;109651;1;0.8053935468196869;0.8053935468196869;0.8053935468196869;0.0
100558;105349;2;0.6610289967578391;0.7376623451709747;0.6993456709644069;0.0
101021;106511;1;0.5788299441337585;0.5788299441337585;0.5788299441337585;0.0
100187;103056;1;0.6983065754175186;0.6983065754175186;0.6983065754175186;0.0
3678;6690;1;1.0;1.0;1.0;1.0
104533;109426;1;0.7640350908041;0.7640350908041;0.7640350908041;0.0
2577;2581;2;0.8437500037252904;0.9833333343267441;0.9135416690260172;1.0
101021;103002;1;0.6404204964637756;0.6404204964637756;0.6404204964637756;0.0
103424;106511;1;0.7257435321807861;0.7257435321807861;0.7257435321807861;0.0
7211;7614;1;0.9404761833803994;0.9404761833803994;0.9404761833803994;1.0
10230;7653;8;0.8378298127132914;0.9159340709447862;0.881364196214987;1.0
7898;8422;1;0.8288474989973981;0.8288474989973981;0.8288474989973981;1.0
7134;9695;3;0.9137931034482759;1.0;0.9712643678160919;1.0
7008;8831;3;1.0;1.0;1.0;1.0
100708;102514;1;0.8100559264421463;0.8100559264421463;0.8100559264421463;0.0
100717;108876;1;0.810343325138092;0.810343325138092;0.810343325138092;0.0
6922;9161;11;0.9045454561710358;0.9612068965517242;0.9304830420720496;1.0
101502;103830;1;0.8212560415267945;0.8212560415267945;0.8212560415267945;0.0
100187;108876;1;0.7652322351932526;0.7652322351932526;0.7652322351932526;0.0
105066;108876;1;0.6386662125587463;0.6386662125587463;0.6386662125587463;0.0
100717;103056;1;0.7416666597127914;0.7416666597127914;0.7416666597127914;0.0
102987;107056;1;0.9072356202772686;0.9072356202772686;0.9072356202772686;0.0
7363;8118;3;0.9137931034482759;1.0;0.9636886075310324;1.0
101555;104310;1;0.8181202709674835;0.8181202709674835;0.8181202709674835;0.0
100856;105098;1;0.6640316196109938;0.6640316196109938;0.6640316196109938;0.0
102666;105709;1;0.9744245558977127;0.9744245558977127;0.9744245558977127;0.0
104310;104533;1;0.7096057832241058;0.7096057832241058;0.7096057832241058;0.0
103056;105956;1;0.6928916521694349;0.6928916521694349;0.6928916521694349;0.0
100521;104310;1;0.7695342004299164;0.7695342004299164;0.7695342004299164;0.0
1818;7075;4;0.8727430552244186;0.9186197910457851;0.8886317738223876;1.0
101462;104145;1;0.6860681875892308;0.6860681875892308;0.6860681875892308;0.0
101462;109714;2;0.7845298310984736;0.8040937669575214;0.7943117990279975;0.0
109426;3710;1;0.6704678386449814;0.6704678386449814;0.6704678386449814;0.0
100054;101555;1;0.6848057508468628;0.6848057508468628;0.6848057508468628;0.0
5776;9008;4;0.8425000049173833;1.0;0.8841032625135521;1.0
109426;109749;1;0.7254803627729416;0.7254803627729416;0.7254803627729416;0.0
5238;8297;13;0.9167303144931794;0.9711538404226303;0.9429432317096809;1.0
100558;103056;1;0.7604405283927917;0.7604405283927917;0.7604405283927917;0.0
11531;3134;4;0.8692982469995818;1.0;0.913146571394569;1.0
100558;107620;1;0.7203962206840515;0.7203962206840515;0.7203962206840515;0.0
100717;105349;1;0.6293995613637179;0.6293995613637179;0.6293995613637179;0.0
105076;107734;1;0.8438735111899999;0.8438735111899999;0.8438735111899999;0.0
107620;109749;1;0.7310153692960739;0.7310153692960739;0.7310153692960739;0.0
3529;4114;3;0.9880952388048172;1.0;0.9960317462682724;1.0
100708;101442;1;0.9227678584200997;0.9227678584200997;0.9227678584200997;0.0
100198;106489;2;1.0;1.0;1.0;0.0
104842;105066;1;0.7457377314567566;0.7457377314567566;0.7457377314567566;0.0
8609;9130;14;0.907586203566913;1.0;0.9775117224914024;1.0
105098;107734;1;0.7099802390388821;0.7099802390388821;0.7099802390388821;0.0
101462;104009;1;0.7517231230934461;0.7517231230934461;0.7517231230934461;0.0
106511;109749;1;0.7362960278987885;0.7362960278987885;0.7362960278987885;0.0
6358;9694;1;0.9698996692895889;0.9698996692895889;0.9698996692895889;1.0
104842;109426;1;0.7175438404083252;0.7175438404083252;0.7175438404083252;0.0
10785;10833;2;0.8173912990352382;0.9749999940395355;0.8961956465373868;1.0
3475;8592;12;0.9100845555464426;0.9809027835726738;0.9605564558593596;1.0
8630;8805;3;0.8828868347665539;0.887766549984614;0.8845134065059073;1.0
103056;104842;1;0.6842836290597916;0.6842836290597916;0.6842836290597916;0.0
103424;104310;1;0.7492177039384842;0.7492177039384842;0.7492177039384842;0.0
101021;104310;1;0.8180164694786072;0.8180164694786072;0.8180164694786072;0.0
7199;8683;1;0.8492943644523621;0.8492943644523621;0.8492943644523621;1.0
100558;104117;1;0.6683989018201828;0.6683989018201828;0.6683989018201828;0.0
104500;105148;1;0.7701389044523239;0.7701389044523239;0.7701389044523239;0.0
7604;9790;1;0.903623953461647;0.903623953461647;0.903623953461647;1.0
100054;100558;1;0.7788929343223572;0.7788929343223572;0.7788929343223572;0.0
4709;4710;7;0.8797101456186046;1.0;0.9244967549619076;1.0
100521;104533;1;0.7057306170463562;0.7057306170463562;0.7057306170463562;0.0
100717;103398;1;0.64336677737858;0.64336677737858;0.64336677737858;0.0
6919;8060;9;0.9003623102022253;1.0;0.9659153375588657;1.0
5746;8097;1;0.8343750014901162;0.8343750014901162;0.8343750014901162;1.0
3670;4441;13;0.936141312122345;0.9680706560611726;0.9482351824674997;1.0
101555;106511;1;0.6802382171154022;0.6802382171154022;0.6802382171154022;0.0
101555;103002;1;0.7734771966934204;0.7734771966934204;0.7734771966934204;0.0
100187;109749;1;0.6932102888822556;0.6932102888822556;0.6932102888822556;0.0
100856;105076;2;0.8065240745959076;0.8819399369614466;0.8442320057786771;0.0
105518;107620;1;0.9191834032535553;0.9191834032535553;0.9191834032535553;0.0
5577;8990;13;0.9427083283662796;0.9921875;0.9744383538417828;1.0
104099;104842;1;0.7724519670009613;0.7724519670009613;0.7724519670009613;0.0
103398;104872;1;0.7700138092041016;0.7700138092041016;0.7700138092041016;0.0
103846;105944;1;0.9068322990621839;0.9068322990621839;0.9068322990621839;0.0
100521;101021;1;0.6960852444171906;0.6960852444171906;0.6960852444171906;0.0
4179;4911;10;0.8461538441479207;0.9611111134290696;0.9292879588344103;1.0
106803;107918;2;0.8902173923409503;1.0;0.9451086961704751;0.0
104500;105156;1;0.7715277671813965;0.7715277671813965;0.7715277671813965;0.0
6802;7794;12;0.8666381147401085;0.9476190488785508;0.912111582656775;1.0
10061;3517;1;0.9861111044883728;0.9861111044883728;0.9861111044883728;1.0
109040;109732;1;0.7252696057160696;0.7252696057160696;0.7252696057160696;0.0
102349;103832;1;0.6991925433925961;0.6991925433925961;0.6991925433925961;0.0
100558;103398;1;0.6727279398752296;0.6727279398752296;0.6727279398752296;0.0
102670;104343;3;0.843137238336646;0.9435107303517205;0.9096016116270613;0.0
4481;6716;1;1.0;1.0;1.0;1.0
107056;107734;1;0.7368718230206034;0.7368718230206034;0.7368718230206034;0.0
103398;107734;1;0.7750076055526735;0.7750076055526735;0.7750076055526735;0.0
100558;109749;1;0.7672989219427109;0.7672989219427109;0.7672989219427109;0.0
102477;105076;1;0.7183794379234315;0.7183794379234315;0.7183794379234315;0.0
2440;5443;1;1.0;1.0;1.0;1.0
104310;107734;1;0.7339380824047586;0.7339380824047586;0.7339380824047586;0.0
103424;3710;1;0.7325892597436905;0.7325892597436905;0.7325892597436905;0.0
4178;8683;1;0.8492943644523621;0.8492943644523621;0.8492943644523621;1.0
100832;103232;1;0.7138227391988039;0.7138227391988039;0.7138227391988039;0.0
105148;105760;1;0.7460698932409286;0.7460698932409286;0.7460698932409286;0.0
105349;107734;2;0.8142292188561482;0.886363610625267;0.8502964147407076;0.0
104533;109749;1;0.8078569918870926;0.8078569918870926;0.8078569918870926;0.0
100500;105518;1;0.8227083832025528;0.8227083832025528;0.8227083832025528;0.0
102697;103567;1;0.9060846599084991;0.9060846599084991;0.9060846599084991;0.0
101021;104533;1;0.6526803076267242;0.6526803076267242;0.6526803076267242;0.0
100521;3710;1;0.7140143513679504;0.7140143513679504;0.7140143513679504;0.0
10230;7852;13;0.94336678152499;0.9781250059604646;0.9601770816090514;1.0
10361;7869;10;0.9033816482709801;1.0;0.9611042126149373;1.0
100054;3710;1;0.6526785492897034;0.6526785492897034;0.6526785492897034;0.0
105156;107056;1;0.903273805975914;0.903273805975914;0.903273805975914;0.0
104097;109733;1;0.9186813235282898;0.9186813235282898;0.9186813235282898;0.0
100717;107620;1;0.7426747381687164;0.7426747381687164;0.7426747381687164;0.0
2807;7064;1;0.9807692319154739;0.9807692319154739;0.9807692319154739;1.0
100717;104117;1;0.7655511051416397;0.7655511051416397;0.7655511051416397;0.0
100521;104117;1;0.7658450305461884;0.7658450305461884;0.7658450305461884;0.0
103668;108771;1;0.8883928571428571;0.8883928571428571;0.8883928571428571;0.0
100054;103424;1;0.6979166716337204;0.6979166716337204;0.6979166716337204;0.0
105066;107620;1;0.6958574801683426;0.6958574801683426;0.6958574801683426;0.0
104310;106511;1;0.6097848117351532;0.6097848117351532;0.6097848117351532;0.0
101555;103424;1;0.8315476179122925;0.8315476179122925;0.8315476179122925;0.0
100521;107620;1;0.6971844583749771;0.6971844583749771;0.6971844583749771;0.0
104117;3710;1;0.7253117114305496;0.7253117114305496;0.7253117114305496;0.0
100083;107056;1;0.9031557036297662;0.9031557036297662;0.9031557036297662;0.0
100717;3710;1;0.7868055403232574;0.7868055403232574;0.7868055403232574;0.0
104009;109714;1;0.8023473471403122;0.8023473471403122;0.8023473471403122;0.0
107620;109426;1;0.7291955649852753;0.7291955649852753;0.7291955649852753;0.0
104099;104310;1;0.6566754579544067;0.6566754579544067;0.6566754579544067;0.0
100054;105956;1;0.8128019260323567;0.8128019260323567;0.8128019260323567;0.0
103997;3710;1;0.842486656230429;0.842486656230429;0.842486656230429;0.0
100717;107734;1;0.7490683223890222;0.7490683223890222;0.7490683223890222;0.0
100717;103002;1;0.6665517836809158;0.6665517836809158;0.6665517836809158;0.0
100054;104842;1;0.6496084034442902;0.6496084034442902;0.6496084034442902;0.0
100558;108876;1;0.6786063611507416;0.6786063611507416;0.6786063611507416;0.0
10301;6246;13;0.9642857164144516;1.0;0.9729125015562194;1.0
108408;108563;2;0.8260869539302328;1.0;0.9130434769651163;0.0
104099;104533;1;0.7786172479391098;0.7786172479391098;0.7786172479391098;0.0
101873;102984;1;0.9234693816729954;0.9234693816729954;0.9234693816729954;0.0
10361;5426;10;0.9033816482709801;1.0;0.9686042121679025;1.0
101502;109469;1;0.9234693816729954;0.9234693816729954;0.9234693816729954;0.0
5477;8368;1;0.9666666686534882;0.9666666686534882;0.9666666686534882;1.0
5392;9486;1;0.8530581878579181;0.8530581878579181;0.8530581878579181;1.0
104533;108876;1;0.7251101583242416;0.7251101583242416;0.7251101583242416;0.0
100446;101480;1;0.8248267044191776;0.8248267044191776;0.8248267044191776;0.0
106511;109426;1;0.6262736320495605;0.6262736320495605;0.6262736320495605;0.0
101756;102013;1;0.9107142857142857;0.9107142857142857;0.9107142857142857;0.0
5780;5782;5;0.8956521697666334;1.0;0.9275787077669142;1.0
103424;107620;1;0.775897666811943;0.775897666811943;0.775897666811943;0.0
103424;104117;1;0.7844358682632446;0.7844358682632446;0.7844358682632446;0.0
105076;105349;1;0.7450592725173287;0.7450592725173287;0.7450592725173287;0.0
104009;109608;1;0.7895491756498815;0.7895491756498815;0.7895491756498815;0.0
100187;100717;1;0.761059120297432;0.761059120297432;0.761059120297432;0.0
100717;106511;1;0.5975372493267059;0.5975372493267059;0.5975372493267059;0.0
106511;3710;1;0.6112114638090134;0.6112114638090134;0.6112114638090134;0.0
100187;105066;1;0.6970152705907822;0.6970152705907822;0.6970152705907822;0.0
8274;8630;3;0.8828868347665539;0.887766549984614;0.8845134065059073;1.0
100187;104099;1;0.6832611709833145;0.6832611709833145;0.6832611709833145;0.0
100187;109426;1;0.6666454523801804;0.6666454523801804;0.6666454523801804;0.0
105066;106511;1;0.80464968085289;0.80464968085289;0.80464968085289;0.0
103398;104310;1;0.6315980890522832;0.6315980890522832;0.6315980890522832;0.0
100856;107056;1;0.6914172742677772;0.6914172742677772;0.6914172742677772;0.0
101021;3710;1;0.842361107468605;0.842361107468605;0.842361107468605;0.0
8370;9876;4;0.9159420339957528;0.9833333343267441;0.9398864620041264;1.0
101555;104533;1;0.7861025184392929;0.7861025184392929;0.7861025184392929;0.0
104310;107620;1;0.7630008608102798;0.7630008608102798;0.7630008608102798;0.0
10230;6858;13;0.9133475189623625;1.0;0.9514173829637623;1.0
100521;106511;1;0.6848549842834473;0.6848549842834473;0.6848549842834473;0.0
105098;105349;2;0.7019762785538384;0.7903409004211426;0.7461585894874905;0.0
10361;6761;5;0.8415458876153697;0.9138888828456402;0.8793246709026288;1.0
101021;103424;1;0.6783234179019928;0.6783234179019928;0.6783234179019928;0.0
100521;103002;1;0.7221466451883316;0.7221466451883316;0.7221466451883316;0.0
8265;9149;2;0.9765625;1.0;0.98828125;1.0
104289;2004;1;0.7931643257970397;0.7931643257970397;0.7931643257970397;0.0
100558;105131;1;0.9138655407088143;0.9138655407088143;0.9138655407088143;0.0
5477;9076;1;0.9833333343267441;0.9833333343267441;0.9833333343267441;1.0
100521;101555;1;0.8126750588417053;0.8126750588417053;0.8126750588417053;0.0
102477;107734;1;0.7297430789988975;0.7297430789988975;0.7297430789988975;0.0
6756;8537;8;0.9441269569926791;0.9821428507566452;0.9590634903207675;1.0
107056;107779;1;0.8690476162093026;0.8690476162093026;0.8690476162093026;0.0
104099;104117;1;0.7400761544704437;0.7400761544704437;0.7400761544704437;0.0
101555;103056;1;0.7460526376962662;0.7460526376962662;0.7460526376962662;0.0
100054;100187;1;0.632830411195755;0.632830411195755;0.632830411195755;0.0
4179;4732;10;0.8461538441479207;0.9611111134290696;0.9292879588344103;1.0
104872;107056;1;0.7688060636105745;0.7688060636105745;0.7688060636105745;0.0
104310;105349;1;0.6611592484557111;0.6611592484557111;0.6611592484557111;0.0
10383;8029;1;1.0;1.0;1.0;1.0
7344;8291;11;0.9046875014901161;0.9580592066049577;0.9299194814554007;1.0
100558;3710;1;0.6741596609354019;0.6741596609354019;0.6741596609354019;0.0
103663;103676;1;0.922360245670591;0.922360245670591;0.922360245670591;0.0
100558;102477;1;0.7000822036162666;0.7000822036162666;0.7000822036162666;0.0
100558;104533;1;0.7058816999197006;0.7058816999197006;0.7058816999197006;0.0
103663;103672;1;0.902597399694579;0.902597399694579;0.902597399694579;0.0
100558;101021;1;0.6717065572738647;0.6717065572738647;0.6717065572738647;0.0
11530;5099;2;0.8318965509533882;1.0;0.9159482754766941;1.0
103398;105349;2;0.7705859438232754;0.8041458576917648;0.7873659007575201;0.0
101555;108876;2;0.8224919464277185;0.8698321729898453;0.8461620597087819;0.0
100054;104310;2;0.7447487264871597;0.8668109689440047;0.8057798477155822;0.0
2619;6174;13;0.96875;1.0;0.9780924842066147;1.0
100187;104310;1;0.7787931561470032;0.7787931561470032;0.7787931561470032;0.0
5664;8717;10;0.8418972284897513;1.0;0.9755317139329376;1.0
7515;7769;4;0.9071759258707365;1.0;0.9435814230608336;1.0
101021;109749;1;0.6226990967988968;0.6226990967988968;0.6226990967988968;0.0
104117;104533;1;0.72513347864151;0.72513347864151;0.72513347864151;0.0
4490;7121;3;0.884057967559151;0.8888888855775198;0.8856682735652739;1.0
108771;108962;1;0.9175824224948883;0.9175824224948883;0.9175824224948883;0.0
100187;3710;1;0.7612267732620239;0.7612267732620239;0.7612267732620239;0.0
103056;107620;1;0.8122599869966507;0.8122599869966507;0.8122599869966507;0.0
103424;104842;2;0.801550971425098;0.8616045266389847;0.8315777490320413;0.0
100717;105076;1;0.7244306336278501;0.7244306336278501;0.7244306336278501;0.0
108876;3710;1;0.773665264248848;0.773665264248848;0.773665264248848;0.0
102987;105156;1;0.9560335384947913;0.9560335384947913;0.9560335384947913;0.0
7540;8823;9;0.8667763099074365;0.9372909665107727;0.8982913656473462;1.0
103114;108843;1;0.8538961048637117;0.8538961048637117;0.8538961048637117;0.0
104099;107620;1;0.7054531425237656;0.7054531425237656;0.7054531425237656;0.0
100856;104842;1;0.7252923995256424;0.7252923995256424;0.7252923995256424;0.0
5835;9278;11;0.9583333283662796;1.0;0.9853425542474263;1.0
100708;105760;1;0.7250180393457413;0.7250180393457413;0.7250180393457413;0.0
100717;104099;1;0.6339285522699356;0.6339285522699356;0.6339285522699356;0.0
101613;108771;1;0.8511029444634916;0.8511029444634916;0.8511029444634916;0.0
103002;105066;1;0.8047599643468857;0.8047599643468857;0.8047599643468857;0.0
101821;103846;1;0.9068322990621839;0.9068322990621839;0.9068322990621839;0.0
103002;109426;1;0.7373851388692856;0.7373851388692856;0.7373851388692856;0.0
103002;104099;1;0.800912544131279;0.800912544131279;0.800912544131279;0.0
101021;108876;1;0.7283263057470322;0.7283263057470322;0.7283263057470322;0.0
104145;109608;1;0.7155430316925049;0.7155430316925049;0.7155430316925049;0.0
100717;100856;2;0.7604166716337204;0.8278985541799794;0.7941576129068499;0.0
100717;105066;1;0.6187190860509872;0.6187190860509872;0.6187190860509872;0.0
100558;103424;1;0.7077643573284149;0.7077643573284149;0.7077643573284149;0.0
103114;108932;1;0.8677248720611844;0.8677248720611844;0.8677248720611844;0.0
105518;109651;1;0.8205840717191282;0.8205840717191282;0.8205840717191282;0.0
5025;9863;10;0.887499988079071;0.9821428528853825;0.9184640215004084;1.0
100558;104872;1;0.7472902121751205;0.7472902121751205;0.7472902121751205;0.0
100717;109426;1;0.7040518075227737;0.7040518075227737;0.7040518075227737;0.0
100054;101021;1;0.6375165283679962;0.6375165283679962;0.6375165283679962;0.0
102477;104310;1;0.6041722971460094;0.6041722971460094;0.6041722971460094;0.0
100054;104533;1;0.7006346136331558;0.7006346136331558;0.7006346136331558;0.0
7653;7852;8;0.8944630311883014;0.951098904013634;0.9225213693697816;1.0
105066;109426;1;0.6643387377262115;0.6643387377262115;0.6643387377262115;0.0
4266;6690;1;1.0;1.0;1.0;1.0
100128;102309;1;0.9045138912541526;0.9045138912541526;0.9045138912541526;0.0
101555;109749;1;0.6962776333093643;0.6962776333093643;0.6962776333093643;0.0
104310;108876;1;0.8600743412971497;0.8600743412971497;0.8600743412971497;0.0
4441;8151;10;0.9029720276594162;0.9514860138297082;0.9219644712527162;1.0
100187;106511;1;0.7045711874961853;0.7045711874961853;0.7045711874961853;0.0
10000;8664;10;0.8965277820825577;0.9565972238779069;0.9286446618249163;1.0
100187;103002;1;0.7790689021348953;0.7790689021348953;0.7790689021348953;0.0
105760;107056;1;0.8745748294251305;0.8745748294251305;0.8745748294251305;0.0
6858;8029;14;0.9199909845302845;0.9666666686534882;0.9366691033646595;1.0
103056;106511;1;0.6576013714075089;0.6576013714075089;0.6576013714075089;0.0
4588;4774;4;0.8115941959878674;0.9605911353538776;0.8972874037318235;1.0
102514;104500;2;0.8320393406826518;0.8627365678548813;0.8473879542687666;0.0
5394;5418;1;0.984375;0.984375;0.984375;1.0
10449;6162;11;0.9375;1.0;0.9818017127477201;1.0
104099;106511;1;0.8012969046831131;0.8012969046831131;0.8012969046831131;0.0
100500;103069;1;0.8014032633408257;0.8014032633408257;0.8014032633408257;0.0
10652;9640;1;1.0;1.0;1.0;1.0
6102;9115;11;0.9443241889987674;1.0;0.98549631462637;1.0
104424;108771;1;0.7345045022666454;0.7345045022666454;0.7345045022666454;0.0
103830;104396;1;0.8171683290730353;0.8171683290730353;0.8171683290730353;0.0
104310;3710;1;0.7897456735372543;0.7897456735372543;0.7897456735372543;0.0
100856;101555;1;0.7727521806955338;0.7727521806955338;0.7727521806955338;0.0
103997;2004;1;0.842486656230429;0.842486656230429;0.842486656230429;0.0
100558;106511;1;0.7626894563436508;0.7626894563436508;0.7626894563436508;0.0
109732;109743;1;0.8916666656732559;0.8916666656732559;0.8916666656732559;0.0
101502;104396;1;0.8327759296997733;0.8327759296997733;0.8327759296997733;0.0
104145;109714;1;0.8115942063538926;0.8115942063538926;0.8115942063538926;0.0
104117;104842;1;0.8341177403926849;0.8341177403926849;0.8341177403926849;0.0
104310;109749;1;0.6793153882026672;0.6793153882026672;0.6793153882026672;0.0
100856;101021;1;0.7104828059673309;0.7104828059673309;0.7104828059673309;0.0
100856;104533;1;0.8110267668962479;0.8110267668962479;0.8110267668962479;0.0
103424;104533;1;0.8108134865760803;0.8108134865760803;0.8108134865760803;0.0
100558;103002;1;0.7028950303792953;0.7028950303792953;0.7028950303792953;0.0
100856;102477;1;0.6821005033410115;0.6821005033410115;0.6821005033410115;0.0
105066;109749;1;0.8235362023115158;0.8235362023115158;0.8235362023115158;0.0
100708;104500;1;0.7963925004005432;0.7963925004005432;0.7963925004005432;0.0
100521;103424;1;0.7858893573284149;0.7858893573284149;0.7858893573284149;0.0
100054;104117;1;0.6236249506473541;0.6236249506473541;0.6236249506473541;0.0
100054;107620;1;0.7362279146909714;0.7362279146909714;0.7362279146909714;0.0
102477;105349;1;0.6662055357642795;0.6662055357642795;0.6662055357642795;0.0
100558;107734;2;0.7422193910764612;0.7694804966449738;0.7558499438607175;0.0
7540;7542;6;0.8357315063476562;0.9054621713502068;0.8589011535403275;1.0
101555;107620;1;0.7635491639375687;0.7635491639375687;0.7635491639375687;0.0
100187;104117;1;0.7762504369020462;0.7762504369020462;0.7762504369020462;0.0
7622;8349;13;0.9380252063274384;1.0;0.9596729876155646;1.0
101555;104117;1;0.7786253839731216;0.7786253839731216;0.7786253839731216;0.0
102948;105901;1;0.9060150342328208;0.9060150342328208;0.9060150342328208;0.0
100187;107620;1;0.7527672052383423;0.7527672052383423;0.7527672052383423;0.0
4184;6950;9;0.863591268658638;0.9509548656642438;0.9118353408899798;1.0
101021;103056;1;0.712797611951828;0.712797611951828;0.712797611951828;0.0
100083;105156;1;0.9100529083183834;0.9100529083183834;0.9100529083183834;0.0
104099;108876;1;0.635072723031044;0.635072723031044;0.635072723031044;0.0
103056;104310;1;0.7532702684402466;0.7532702684402466;0.7532702684402466;0.0
7731;9868;7;0.7559083104133606;0.9142857193946838;0.8203336881207568;1.0
4843;8794;12;0.9666666686534882;1.0;0.974684649925445;1.0
103997;104289;1;0.8173651565676151;0.8173651565676151;0.8173651565676151;0.0
101821;105944;1;0.8554421748433794;0.8554421748433794;0.8554421748433794;0.0
100521;104842;1;0.8140639662742615;0.8140639662742615;0.8140639662742615;0.0
100717;109749;1;0.6345086097717285;0.6345086097717285;0.6345086097717285;0.0
101021;107620;1;0.7219448685646057;0.7219448685646057;0.7219448685646057;0.0
100083;107779;1;0.8882275181157249;0.8882275181157249;0.8882275181157249;0.0
101554;108329;1;0.9322562345436641;0.9322562345436641;0.9322562345436641;0.0
103002;109749;1;0.8270669430494308;0.8270669430494308;0.8270669430494308;0.0
103056;103424;1;0.7552083283662796;0.7552083283662796;0.7552083283662796;0.0
4676;8097;1;0.8408638912698497;0.8408638912698497;0.8408638912698497;1.0
3670;8151;10;0.8513986021280289;0.9256993010640144;0.8808304608947989;1.0
102477;103398;1;0.740008786968563;0.740008786968563;0.740008786968563;0.0
100856;104872;1;0.8146527383638466;0.8146527383638466;0.8146527383638466;0.0
7794;9063;12;0.8952381014823914;0.9528450112918327;0.9192954907027521;1.0
100856;103424;1;0.779513880610466;0.779513880610466;0.779513880610466;0.0
100558;104310;2;0.7055280804634094;0.7559342591658883;0.7307311698146488;0.0
100054;103002;1;0.6951995193958282;0.6951995193958282;0.6951995193958282;0.0
4613;6116;3;0.9243294987185248;0.9895833308498064;0.9640579014388537;1.0
3722;6719;1;1.0;1.0;1.0;1.0
101564;108252;3;0.8680124153261599;0.9821428507566452;0.9275649842144786;0.0
100054;106511;1;0.7310637682676315;0.7310637682676315;0.7310637682676315;0.0
10314;2427;4;0.8941337764263153;0.9399671107530594;0.9150412642622587;1.0
101462;109608;2;0.8248471803963185;0.8517694576926854;0.838308319044502;0.0
7288;7483;11;0.9137931034482759;1.0;0.9823730812920141;1.0
6382;8494;12;0.9336734733411244;1.0;0.9766885460934978;1.0
101021;104117;2;0.7488982081413269;0.8161671731782997;0.7825326906598133;0.0
7201;8536;2;1.0;1.0;1.0;1.0
103056;104533;1;0.7603688836097717;0.7603688836097717;0.7603688836097717;0.0
6562;8870;7;0.8478260895480281;1.0;0.9372503074541493;1.0
2026;4601;4;0.9077381007373333;1.0;0.9395703969766265;1.0
5830;8888;3;0.8101175764332648;0.8963815718889236;0.838872241585151;1.0
9327;9412;11;0.8737727947857069;1.0;0.9759881875007111;1.0
104632;105815;1;0.890131591508786;0.890131591508786;0.890131591508786;0.0
100054;103056;3;0.8132505183634552;0.8361111134290695;0.8235967329878738;0.0
104310;105076;2;0.7891799470652705;0.9080782341105599;0.8486290905879152;0.0
105076;105098;1;0.7099802390388821;0.7099802390388821;0.7099802390388821;0.0
103888;108274;1;0.920634925365448;0.920634925365448;0.920634925365448;0.0
103002;108876;1;0.7101027518510818;0.7101027518510818;0.7101027518510818;0.0
100187;101555;1;0.824366569519043;0.824366569519043;0.824366569519043;0.0
103398;105076;1;0.759197323218636;0.759197323218636;0.759197323218636;0.0
103056;109749;1;0.7567669153213501;0.7567669153213501;0.7567669153213501;0.0
7769;8151;3;0.8357817021509012;0.8959304615855218;0.8623065874880352;1.0
102514;105760;1;0.8245039582252502;0.8245039582252502;0.8245039582252502;0.0
1838;7934;5;0.9137931034482759;1.0;0.9384176985568728;1.0
4975;5889;14;0.9037819802761079;0.9879032261669637;0.9641830017067582;1.0
105760;107779;1;0.8956207398857389;0.8956207398857389;0.8956207398857389;0.0
10314;8640;4;0.9333333373069763;1.0;0.9594610749240617;1.0
100856;103002;1;0.796072706580162;0.796072706580162;0.796072706580162;0.0
100521;100856;1;0.7070874124765396;0.7070874124765396;0.7070874124765396;0.0
109608;109714;3;0.8110367940819783;0.926209680736065;0.8671430568548217;0.0
3134;6210;4;0.8882797372837863;1.0;0.926402666511527;1.0
100856;106511;1;0.7049361765384674;0.7049361765384674;0.7049361765384674;0.0
1884;9542;6;0.9297839535607232;0.9605034738779069;0.9471348116321313;1.0
7980;9790;1;0.9577643573284149;0.9577643573284149;0.9577643573284149;1.0
102120;103398;1;0.7769764959812164;0.7769764959812164;0.7769764959812164;0.0
7460;8578;1;0.8008657901183419;0.8008657901183419;0.8008657901183419;1.0
7920;8494;12;0.8906746208667755;0.9923371754843613;0.9396389285411629;1.0
10064;2819;1;1.0;1.0;1.0;1.0
100054;108876;1;0.713958814740181;0.713958814740181;0.713958814740181;0.0
105901;107999;1;0.8928571385996682;0.8928571385996682;0.8928571385996682;0.0
104310;109426;1;0.7350135892629623;0.7350135892629623;0.7350135892629623;0.0
103002;103056;1;0.7721225917339325;0.7721225917339325;0.7721225917339325;0.0
104310;105066;1;0.626668855547905;0.626668855547905;0.626668855547905;0.0
3757;6377;8;0.8207005780676138;0.9519230744668415;0.8921261207681673;1.0
4508;9662;1;1.0;1.0;1.0;1.0
109749;3710;1;0.6136021912097931;0.6136021912097931;0.6136021912097931;0.0
6761;7869;5;0.744927509971287;0.8999999947845936;0.8406038531466671;1.0
3395;4563;1;0.6738095166890518;0.6738095166890518;0.6738095166890518;1.0
100558;101555;1;0.6644349843263626;0.6644349843263626;0.6644349843263626;0.0
4586;7633;1;0.9625668376684189;0.9625668376684189;0.9625668376684189;1.0
3383;6969;12;0.9253968331548903;0.9918831139802933;0.9462038249102828;1.0
100717;101555;1;0.8008771687746048;0.8008771687746048;0.8008771687746048;0.0
6944;7731;7;0.9144841382900875;0.9608630985021591;0.9384159699154361;1.0
100856;3710;1;0.7528769820928574;0.7528769820928574;0.7528769820928574;0.0
2139;3296;6;0.8062547704447871;0.9436090247971671;0.8769074340593237;1.0
104310;105098;1;0.5781460948612379;0.5781460948612379;0.5781460948612379;0.0
10230;10383;13;0.94336678152499;0.9781250059604646;0.9568318975809027;1.0
2317;4988;9;0.8096555600995604;0.9875000007450582;0.9318515948743283;1.0
4676;5746;1;0.9196428571428573;0.9196428571428573;0.9196428571428573;1.0
101515;101521;2;0.8108695641807888;0.9034749077899116;0.8571722359853502;0.0
104099;109749;2;0.8032036682833796;0.8784461319446564;0.840824900114018;0.0
100187;104842;1;0.8171717077493668;0.8171717077493668;0.8171717077493668;0.0
10312;9807;4;0.8675231536229452;1.0;0.9142077444694883;1.0
103114;104051;1;0.901785712156977;0.901785712156977;0.901785712156977;0.0
9421;9489;13;0.9749999940395355;1.0;0.9815266547096945;1.0
102970;108596;1;0.9060150342328208;0.9060150342328208;0.9060150342328208;0.0
104872;109651;1;0.9042950464146478;0.9042950464146478;0.9042950464146478;0.0
5912;8949;1;1.0;1.0;1.0;1.0
100856;104310;3;0.7880807518959045;0.9412840115172523;0.850125672253269;0.0
100521;100717;1;0.7435457408428192;0.7435457408428192;0.7435457408428192;0.0
5185;7072;3;0.8260869565217391;1.0;0.9003623188405797;1.0
102987;107521;1;0.8541666567325592;0.8541666567325592;0.8541666567325592;0.0
2813;3155;1;0.9653679579496384;0.9653679579496384;0.9653679579496384;1.0
4358;6398;1;0.8095238001450249;0.8095238001450249;0.8095238001450249;1.0
105148;105156;1;0.8309295177459717;0.8309295177459717;0.8309295177459717;0.0
100521;105066;1;0.7040249705314636;0.7040249705314636;0.7040249705314636;0.0
100521;104099;1;0.6851307302713394;0.6851307302713394;0.6851307302713394;0.0
100521;109426;1;0.6933006644248962;0.6933006644248962;0.6933006644248962;0.0
5324;7847;1;1.0;1.0;1.0;1.0
7859;9798;1;0.9807692319154739;0.9807692319154739;0.9807692319154739;1.0
104051;108932;1;0.9272486780370984;0.9272486780370984;0.9272486780370984;0.0
105098;107056;2;0.8309178766996965;0.8852068036794662;0.8580623401895814;0.0
6547;6741;13;0.9321428537368774;1.0;0.9498282470788412;1.0
9348;9485;14;0.9672618997948511;1.0;0.9890241419108123;1.0
3096;3123;4;0.9378882024599158;0.9761904776096344;0.9544183578781829;1.0
105076;107056;1;0.7368718230206034;0.7368718230206034;0.7368718230206034;0.0
102120;105349;1;0.7797348350286484;0.7797348350286484;0.7797348350286484;0.0
103676;108771;1;0.7598535977303982;0.7598535977303982;0.7598535977303982;0.0
104117;107620;1;0.6545329689979553;0.6545329689979553;0.6545329689979553;0.0
105349;107056;2;0.7218238374461299;0.7621753215789795;0.7419995795125547;0.0
104310;107056;1;0.6181474250295889;0.6181474250295889;0.6181474250295889;0.0
7161;8131;12;0.8050072975456715;1.0;0.9616980089711538;1.0
103398;107056;4;0.8640872985124588;0.8849206268787384;0.8749933582933053;0.0
101021;105066;1;0.588731437921524;0.588731437921524;0.588731437921524;0.0
104633;105276;1;0.8145833251376947;0.8145833251376947;0.8145833251376947;0.0
103002;107620;1;0.7768985778093338;0.7768985778093338;0.7768985778093338;0.0
10293;7599;5;0.8037795573472977;0.948979594877788;0.8758043229009177;1.0
101021;109426;1;0.6548794060945511;0.6548794060945511;0.6548794060945511;0.0
103002;104117;1;0.7575868964195251;0.7575868964195251;0.7575868964195251;0.0
109296;109299;4;0.8984327713648478;0.9250301122665405;0.9090246990107107;0.0
4395;8725;13;0.9555555582046509;0.9843750037252904;0.9647878063904455;1.0
10230;8029;13;0.94336678152499;0.9781250059604646;0.9585287300589491;1.0
101465;103668;1;0.9107142857142857;0.9107142857142857;0.9107142857142857;0.0
101021;104099;1;0.6229497492313385;0.6229497492313385;0.6229497492313385;0.0
104872;105076;1;0.811547162740127;0.811547162740127;0.811547162740127;0.0
100856;105349;2;0.7227790200191996;0.8176406770944595;0.7702098485568296;0.0
7037;7237;13;0.9172692232661777;0.980158731341362;0.9408883667993628;1.0
6314;8464;12;0.9193363785743713;0.9596681892871858;0.9369246248446186;1.0
100521;100558;1;0.6181372702121735;0.6181372702121735;0.6181372702121735;0.0
8890;9063;1;0.964880958199501;0.964880958199501;0.964880958199501;1.0
104533;104842;1;0.7648391872644424;0.7648391872644424;0.7648391872644424;0.0
100187;103424;1;0.7745655030012131;0.7745655030012131;0.7745655030012131;0.0
109532;109725;2;0.812146307333656;0.9472222179174423;0.8796842626255492;0.0
8344;9229;13;0.9275362232457036;1.0;0.9747070115379971;1.0
6272;8578;1;0.8008657901183419;0.8008657901183419;0.8008657901183419;1.0
103056;108876;1;0.7652854919433594;0.7652854919433594;0.7652854919433594;0.0
104533;3710;1;0.7072733938694;0.7072733938694;0.7072733938694;0.0
4291;4905;3;0.9507389140540156;1.0;0.9835796380180052;1.0
100856;103398;1;0.7223075835601144;0.7223075835601144;0.7223075835601144;0.0
100717;107056;1;0.6302277368047964;0.6302277368047964;0.6302277368047964;0.0
102987;107779;1;0.9278950265475682;0.9278950265475682;0.9278950265475682;0.0
11455;5289;8;0.8642534017562866;0.9321267008781433;0.8887634596827885;1.0
104117;106511;1;0.6533292084932327;0.6533292084932327;0.6533292084932327;0.0
6506;6952;5;0.859375;0.9461904764175416;0.9126585291203669;1.0
100856;107620;1;0.8283890187740326;0.8283890187740326;0.8283890187740326;0.0
6811;7429;10;0.8882587785306185;0.97826087474823;0.9379988790152296;1.0
105156;105760;2;0.8015872985124588;0.9319728038140705;0.8667800511632646;0.0
6740;9193;2;0.9546130970120431;0.9807692319154739;0.9676911644637585;1.0
103002;106511;1;0.7477881163358688;0.7477881163358688;0.7477881163358688;0.0
4108;7977;10;0.9168608151376247;1.0;0.9624599748088614;1.0
103398;105098;2;0.8502415470455005;0.8940972238779068;0.8721693854617036;0.0
103056;104117;1;0.6739912629127502;0.6739912629127502;0.6739912629127502;0.0
104842;106511;1;0.7186474502086639;0.7186474502086639;0.7186474502086639;0.0
8301;9114;2;0.80000000414641;0.80000000414641;0.80000000414641;1.0
104051;108843;1;0.902597399694579;0.902597399694579;0.902597399694579;0.0
10578;10628;1;0.803540421028932;0.803540421028932;0.803540421028932;1.0
100083;105760;1;0.7500000042574746;0.7500000042574746;0.7500000042574746;0.0
5010;5205;11;0.8251970565837363;0.9698464944958687;0.9418870649971779;1.0
104872;105098;1;0.7192028968230538;0.7192028968230538;0.7192028968230538;0.0
10320;7581;6;0.8107246315997582;0.9466666728258133;0.903085252315094;1.0
103350;104042;2;0.8421052746150806;0.9396929889917374;0.890899131803409;0.0
100856;104117;1;0.6976361274719238;0.6976361274719238;0.6976361274719238;0.0
6568;9557;1;1.0;1.0;1.0;1.0
100054;109749;1;0.7240288108587265;0.7240288108587265;0.7240288108587265;0.0
103548;106936;1;0.8487103146811328;0.8487103146811328;0.8487103146811328;0.0
101555;104099;1;0.6974206417798996;0.6974206417798996;0.6974206417798996;0.0
7515;8151;10;0.8954326957464219;0.9514860138297082;0.9205221636463767;1.0
101555;105066;1;0.6966027617454529;0.6966027617454529;0.6966027617454529;0.0
4348;7170;13;0.9030193156666226;0.982993198292596;0.9370152187484382;1.0
7094;9189;10;0.9023809432983398;1.0;0.9462571768818989;1.0
5360;8430;12;0.8783824910288272;0.9501748234033585;0.9129977609224366;1.0
101555;109426;1;0.7522660791873932;0.7522660791873932;0.7522660791873932;0.0
103832;109040;1;0.8127205893397331;0.8127205893397331;0.8127205893397331;0.0
7361;7750;2;0.8125;1.0;0.90625;1.0
100187;104533;1;0.7945166081190109;0.7945166081190109;0.7945166081190109;0.0
100187;101021;1;0.737638995051384;0.737638995051384;0.737638995051384;0.0
10240;7367;2;0.9812499955296516;0.9833333343267441;0.9822916649281979;1.0
102477;104872;1;0.8146135210990906;0.8146135210990906;0.8146135210990906;0.0
104099;109426;1;0.696825385093689;0.696825385093689;0.696825385093689;0.0
3086;3215;2;0.8829431378323099;1.0;0.941471568916155;1.0
102349;109732;1;0.8278260852979578;0.8278260852979578;0.8278260852979578;0.0
100856;107734;2;0.8427559759305872;0.8820346295833588;0.862395302756973;0.0
100717;105098;1;0.5836438821709675;0.5836438821709675;0.5836438821709675;0.0
100558;104842;1;0.6886695921421051;0.6886695921421051;0.6886695921421051;0.0
104099;105066;1;0.8223614543676376;0.8223614543676376;0.8223614543676376;0.0
104117;104310;1;0.7635406106710434;0.7635406106710434;0.7635406106710434;0.0
2890;2891;4;0.9057971005854399;1.0;0.9369527470064013;1.0
