elemento1;elemento2;qtdAlg;min;max;med;duplicata
100558;109426;1;0.6612784266471863;0.6612784266471863;0.6612784266471863;0.0
100558;104099;1;0.7396464794874191;0.7396464794874191;0.7396464794874191;0.0
104842;107620;1;0.707939550280571;0.707939550280571;0.707939550280571;0.0
100717;104310;1;0.824765533208847;0.824765533208847;0.824765533208847;0.0
6413;7975;6;0.9500000029802322;1.0;0.9688470686475436;1.0
106511;107620;1;0.6821673512458801;0.6821673512458801;0.6821673512458801;0.0
103002;104310;1;0.6949232220649719;0.6949232220649719;0.6949232220649719;0.0
102024;102960;1;0.7832207232713699;0.7832207232713699;0.7832207232713699;0.0
100521;103056;1;0.6960784196853638;0.6960784196853638;0.6960784196853638;0.0
102881;108491;1;0.7163663655519485;0.7163663655519485;0.7163663655519485;0.0
101555;3710;1;0.789483368396759;0.789483368396759;0.789483368396759;0.0
100655;107814;1;0.7217857092618942;0.7217857092618942;0.7217857092618942;0.0
100187;100856;1;0.7174316644668579;0.7174316644668579;0.7174316644668579;0.0
6948;7365;1;0.9661904722452164;0.9661904722452164;0.9661904722452164;1.0
3395;5122;1;1.0;1.0;1.0;1.0
100558;100856;1;0.8142931461334229;0.8142931461334229;0.8142931461334229;0.0
104500;105760;1;0.7545634806156158;0.7545634806156158;0.7545634806156158;0.0
6382;7920;5;0.9375;1.0;0.9541666666666668;1.0
8364;8526;5;0.9474206268787384;0.9880952338377634;0.9658730079730351;1.0
100856;109749;1;0.8172637820243835;0.8172637820243835;0.8172637820243835;0.0
2366;2367;4;0.8708333373069763;0.902222216129303;0.8853240708510081;1.0
100810;105094;1;0.8035714328289032;0.8035714328289032;0.8035714328289032;0.0
104842;3710;1;0.7180555611848831;0.7180555611848831;0.7180555611848831;0.0
103356;103691;1;0.7573717832565308;0.7573717832565308;0.7573717832565308;0.0
5204;7514;1;1.0;1.0;1.0;1.0
100558;105066;1;0.7294009625911713;0.7294009625911713;0.7294009625911713;0.0
103424;109749;1;0.7795874625444412;0.7795874625444412;0.7795874625444412;0.0
100054;100856;1;0.7812139242887497;0.7812139242887497;0.7812139242887497;0.0
100893;109637;1;0.750217393040657;0.750217393040657;0.750217393040657;0.0
104610;105320;1;0.7802579402923584;0.7802579402923584;0.7802579402923584;0.0
100521;108876;1;0.7449473291635513;0.7449473291635513;0.7449473291635513;0.0
8306;8663;1;0.9666666686534882;0.9666666686534882;0.9666666686534882;1.0
4563;5122;1;0.904166653752327;0.904166653752327;0.904166653752327;1.0
102826;105175;1;0.7508771866559982;0.7508771866559982;0.7508771866559982;0.0
5574;7562;1;0.9625000059604645;0.9625000059604645;0.9625000059604645;1.0
6925;6926;1;0.9791666716337204;0.9791666716337204;0.9791666716337204;1.0
107620;3710;1;0.7448348551988602;0.7448348551988602;0.7448348551988602;0.0
109420;109429;1;0.7395161241292953;0.7395161241292953;0.7395161241292953;0.0
104117;105066;1;0.7108636945486069;0.7108636945486069;0.7108636945486069;0.0
104117;109426;1;0.7185379266738892;0.7185379266738892;0.7185379266738892;0.0
100717;104533;1;0.6800438612699509;0.6800438612699509;0.6800438612699509;0.0
8260;8445;4;0.8660104423761368;0.9412202388048172;0.9103394175569216;1.0
104533;107620;1;0.8186939656734467;0.8186939656734467;0.8186939656734467;0.0
100717;101021;1;0.7979166805744171;0.7979166805744171;0.7979166805744171;0.0
6992;7802;3;0.8958333432674408;0.9055555661519369;0.9017251100805072;1.0
101555;104842;1;0.807936504483223;0.807936504483223;0.807936504483223;0.0
2427;8640;1;0.9555921107530594;0.9555921107530594;0.9555921107530594;1.0
104310;104842;1;0.7637077420949936;0.7637077420949936;0.7637077420949936;0.0
100187;100521;1;0.7485230416059494;0.7485230416059494;0.7485230416059494;0.0
103002;104533;1;0.8665718883275986;0.8665718883275986;0.8665718883275986;0.0
101021;101555;1;0.742147907614708;0.742147907614708;0.742147907614708;0.0
105179;107116;1;0.7444597035646439;0.7444597035646439;0.7444597035646439;0.0
100054;100717;1;0.6533730179071426;0.6533730179071426;0.6533730179071426;0.0
103424;108876;1;0.7645029723644257;0.7645029723644257;0.7645029723644257;0.0
7192;7778;2;1.0;1.0;1.0;1.0
6944;9868;1;0.9821428507566452;0.9821428507566452;0.9821428507566452;1.0
6354;8424;3;0.9277777969837189;0.9666666686534882;0.9407407542069753;1.0
102514;105148;1;0.808600440621376;0.808600440621376;0.808600440621376;0.0
3159;9969;1;0.9947916716337204;0.9947916716337204;0.9947916716337204;1.0
100856;108876;1;0.7677289843559265;0.7677289843559265;0.7677289843559265;0.0
104823;108894;1;0.7601851671934128;0.7601851671934128;0.7601851671934128;0.0
101931;105268;1;0.7423076927661896;0.7423076927661896;0.7423076927661896;0.0
7542;8823;1;1.0;1.0;1.0;1.0
7653;8029;4;0.8819444477558136;0.9380341917276382;0.914396371692419;1.0
100054;104099;1;0.6942460238933563;0.6942460238933563;0.6942460238933563;0.0
104620;108430;1;0.7178571373224258;0.7178571373224258;0.7178571373224258;0.0
100054;109426;1;0.7445279657840729;0.7445279657840729;0.7445279657840729;0.0
108876;109749;1;0.658062532544136;0.658062532544136;0.658062532544136;0.0
109053;109245;1;1.0;1.0;1.0;0.0
2004;3710;2;1.0;1.0;1.0;1.0
104099;3710;1;0.6101190447807312;0.6101190447807312;0.6101190447807312;0.0
100054;105066;1;0.620107963681221;0.620107963681221;0.620107963681221;0.0
102401;102567;1;0.7020833343267441;0.7020833343267441;0.7020833343267441;0.0
3192;7923;8;0.949999988079071;0.9833333293596903;0.9729166602094969;1.0
10383;6858;8;0.9247086197137833;0.9666666686534882;0.933360043913126;1.0
100558;100717;1;0.6842320412397385;0.6842320412397385;0.6842320412397385;0.0
6858;7852;8;0.9247086197137833;0.9666666686534882;0.933360043913126;1.0
101021;104842;1;0.6946759074926376;0.6946759074926376;0.6946759074926376;0.0
102514;105156;1;0.7923611104488373;0.7923611104488373;0.7923611104488373;0.0
5657;5681;1;0.8703703731298447;0.8703703731298447;0.8703703731298447;1.0
106421;109222;1;0.7363636344671249;0.7363636344671249;0.7363636344671249;0.0
5371;5959;1;0.9861111044883728;0.9861111044883728;0.9861111044883728;1.0
100856;103056;1;0.8526785671710968;0.8526785671710968;0.8526785671710968;0.0
103002;3710;1;0.7068556696176529;0.7068556696176529;0.7068556696176529;0.0
3539;4190;1;0.984375;0.984375;0.984375;1.0
11423;11538;4;0.9312500059604645;0.9799999892711639;0.9440768584609032;1.0
100170;100358;8;0.9333333373069763;0.9833333343267441;0.9541666693985462;0.0
100708;105148;1;0.8330107182264328;0.8330107182264328;0.8330107182264328;0.0
7525;8995;4;0.8812499940395355;0.90625;0.8874999955296516;1.0
6802;8890;1;0.964880958199501;0.964880958199501;0.964880958199501;1.0
3792;8891;6;0.8938405811786652;0.9291666746139526;0.9054448505242666;1.0
100856;104099;1;0.7967171519994736;0.7967171519994736;0.7967171519994736;0.0
100856;105066;1;0.7649649530649185;0.7649649530649185;0.7649649530649185;0.0
103056;3710;1;0.7139880955219269;0.7139880955219269;0.7139880955219269;0.0
101107;109637;1;0.7064990997314453;0.7064990997314453;0.7064990997314453;0.0
4124;6737;3;0.9642857164144516;1.0;0.9761904776096344;1.0
104533;106511;1;0.7390107959508896;0.7390107959508896;0.7390107959508896;0.0
104842;108876;1;0.7703931629657745;0.7703931629657745;0.7703931629657745;0.0
107340;107990;1;0.8076923042535782;0.8076923042535782;0.8076923042535782;0.0
101164;103339;1;0.6985197365283966;0.6985197365283966;0.6985197365283966;0.0
103002;103424;1;0.8360092788934708;0.8360092788934708;0.8360092788934708;0.0
106511;108876;1;0.6139345020055771;0.6139345020055771;0.6139345020055771;0.0
103424;105066;1;0.7562181204557419;0.7562181204557419;0.7562181204557419;0.0
102390;102394;1;0.8010714203119278;0.8010714203119278;0.8010714203119278;0.0
103424;109426;1;0.794394850730896;0.794394850730896;0.794394850730896;0.0
109081;109197;1;0.7822377979755402;0.7822377979755402;0.7822377979755402;0.0
2771;5458;4;0.915178582072258;0.9930555522441864;0.9506448432803154;1.0
106868;108869;1;0.7227011471986771;0.7227011471986771;0.7227011471986771;0.0
10383;7653;4;0.8819444477558136;0.9380341917276382;0.914396371692419;1.0
10119;7664;3;0.8753235042095184;0.9609127044677734;0.9245787362257639;1.0
105590;109716;1;0.7592105269432068;0.7592105269432068;0.7592105269432068;0.0
103424;104099;1;0.7708333283662796;0.7708333283662796;0.7708333283662796;0.0
108746;109003;1;0.7516025602817535;0.7516025602817535;0.7516025602817535;0.0
7123;9038;8;0.9210526347160339;1.0;0.9621710541347662;1.0
3670;7515;6;0.9347826242446899;0.967391312122345;0.944670902358161;1.0
105016;107434;1;1.0;1.0;1.0;0.0
100856;109426;1;0.7668494284152985;0.7668494284152985;0.7668494284152985;0.0
100717;103424;1;0.7253472059965134;0.7253472059965134;0.7253472059965134;0.0
100466;108786;1;0.7264705896377563;0.7264705896377563;0.7264705896377563;0.0
105701;105923;1;0.7350852340459824;0.7350852340459824;0.7350852340459824;0.0
100708;105156;1;0.7723214328289032;0.7723214328289032;0.7723214328289032;0.0
102120;105098;1;0.8263888955116272;0.8263888955116272;0.8263888955116272;0.0
100701;106582;1;0.7056547701358795;0.7056547701358795;0.7056547701358795;0.0
4124;7722;3;0.9642857164144516;1.0;0.9761904776096344;1.0
4145;4886;3;0.9904761910438538;1.0;0.9944444447755814;1.0
104117;109749;1;0.7465978711843491;0.7465978711843491;0.7465978711843491;0.0
105066;3710;1;0.6192959100008011;0.6192959100008011;0.6192959100008011;0.0
3670;7769;2;0.8785024285316467;0.9347826242446899;0.9066425263881683;1.0
11006;11008;1;1.0;1.0;1.0;1.0
105723;107973;1;1.0;1.0;1.0;0.0
9588;9811;8;0.9375;1.0;0.9700520833333334;1.0
11150;8901;8;0.9659090936183929;1.0;0.9872159101068974;1.0
2619;4520;1;0.8269230723381042;0.8269230723381042;0.8269230723381042;1.0
105374;107336;1;0.7905302941799164;0.7905302941799164;0.7905302941799164;0.0
104842;109749;1;0.7555247098207474;0.7555247098207474;0.7555247098207474;0.0
4895;9209;8;0.9285714328289032;1.0;0.9657738115638494;1.0
102446;103731;1;0.7852525264024734;0.7852525264024734;0.7852525264024734;0.0
109241;109438;1;0.8623670190572739;0.8623670190572739;0.8623670190572739;0.0
100187;100558;1;0.6637700349092484;0.6637700349092484;0.6637700349092484;0.0
11531;6210;1;1.0;1.0;1.0;1.0
7794;8890;5;0.9299242496490479;0.9924242496490479;0.9470959663391113;1.0
1858;9637;2;1.0;1.0;1.0;1.0
4441;7769;2;0.9111111164093018;1.0;0.9555555582046509;1.0
4419;7644;1;0.984375;0.984375;0.984375;1.0
108876;109426;1;0.7301768958568573;0.7301768958568573;0.7301768958568573;0.0
100446;103815;1;0.8082079142332077;0.8082079142332077;0.8082079142332077;0.0
2187;2418;2;1.0;1.0;1.0;1.0
2823;4684;6;0.9041537642478943;0.960526317358017;0.925044429798921;1.0
102120;107056;1;0.7906746119260788;0.7906746119260788;0.7906746119260788;0.0
100521;109749;1;0.6710325181484222;0.6710325181484222;0.6710325181484222;0.0
109476;109545;1;0.7324275523424149;0.7324275523424149;0.7324275523424149;0.0
5426;6761;1;0.8916666656732559;0.8916666656732559;0.8916666656732559;1.0
2188;8063;6;0.9416666626930237;1.0;0.9711111080315377;1.0
103002;104842;1;0.807732880115509;0.807732880115509;0.807732880115509;0.0
103056;109426;1;0.8075605779886246;0.8075605779886246;0.8075605779886246;0.0
102835;105958;1;0.7648148238658905;0.7648148238658905;0.7648148238658905;0.0
103056;105066;1;0.700770378112793;0.700770378112793;0.700770378112793;0.0
101983;108733;1;0.7619047611951828;0.7619047611951828;0.7619047611951828;0.0
103056;104099;1;0.730555534362793;0.730555534362793;0.730555534362793;0.0
6858;7653;4;0.8306915313005447;0.8616744428873062;0.8496673554182053;1.0
100701;104389;1;0.6679653525352478;0.6679653525352478;0.6679653525352478;0.0
107620;108876;1;0.7653649598360062;0.7653649598360062;0.7653649598360062;0.0
100054;100521;1;0.5446078330278397;0.5446078330278397;0.5446078330278397;0.0
104117;108876;1;0.7160637825727463;0.7160637825727463;0.7160637825727463;0.0
10628;109189;1;0.7727704644203186;0.7727704644203186;0.7727704644203186;0.0
100717;104842;1;0.7111111134290695;0.7111111134290695;0.7111111134290695;0.0
5542;6695;4;0.9305555721124014;0.9583333432674408;0.9391447504361471;1.0
104533;105066;1;0.7744311392307281;0.7744311392307281;0.7744311392307281;0.0
103069;109651;1;0.8053935468196869;0.8053935468196869;0.8053935468196869;0.0
10578;109189;1;0.7969907373189926;0.7969907373189926;0.7969907373189926;0.0
108797;108932;1;0.7104166597127914;0.7104166597127914;0.7104166597127914;0.0
4384;5681;1;0.8703703731298447;0.8703703731298447;0.8703703731298447;1.0
100960;103952;1;0.7953571379184723;0.7953571379184723;0.7953571379184723;0.0
101021;106511;1;0.5788299441337585;0.5788299441337585;0.5788299441337585;0.0
100187;103056;1;0.6983065754175186;0.6983065754175186;0.6983065754175186;0.0
102024;105032;1;0.7347972989082336;0.7347972989082336;0.7347972989082336;0.0
106206;107125;1;0.7368908375501633;0.7368908375501633;0.7368908375501633;0.0
104533;109426;1;0.7640350908041;0.7640350908041;0.7640350908041;0.0
2577;2581;1;0.9833333343267441;0.9833333343267441;0.9833333343267441;1.0
101021;103002;1;0.6404204964637756;0.6404204964637756;0.6404204964637756;0.0
103424;106511;1;0.7257435321807861;0.7257435321807861;0.7257435321807861;0.0
10230;7653;4;0.8534188121557236;0.8913461565971375;0.8724893219769001;1.0
6620;8349;1;0.8814285844564438;0.8814285844564438;0.8814285844564438;1.0
7898;8422;1;0.9888889044523239;0.9888889044523239;0.9888889044523239;1.0
100708;102514;1;0.8100559264421463;0.8100559264421463;0.8100559264421463;0.0
100717;108876;1;0.810343325138092;0.810343325138092;0.810343325138092;0.0
6922;9161;6;0.9000000059604645;0.9545454531908035;0.9174242441852888;1.0
108752;109347;1;0.7687499821186066;0.7687499821186066;0.7687499821186066;0.0
104862;107811;1;0.67441725730896;0.67441725730896;0.67441725730896;0.0
100187;108876;1;0.7652322351932526;0.7652322351932526;0.7652322351932526;0.0
105066;108876;1;0.6386662125587463;0.6386662125587463;0.6386662125587463;0.0
100717;103056;1;0.7416666597127914;0.7416666597127914;0.7416666597127914;0.0
7363;8118;1;0.9772727191448212;0.9772727191448212;0.9772727191448212;1.0
101555;104310;1;0.8181202709674835;0.8181202709674835;0.8181202709674835;0.0
101457;108188;1;0.7465277910232544;0.7465277910232544;0.7465277910232544;0.0
102666;105709;1;0.9744245558977127;0.9744245558977127;0.9744245558977127;0.0
105618;106271;1;0.7652173936367035;0.7652173936367035;0.7652173936367035;0.0
104310;104533;1;0.7096057832241058;0.7096057832241058;0.7096057832241058;0.0
100521;104310;1;0.7695342004299164;0.7695342004299164;0.7695342004299164;0.0
1818;7075;1;0.9072916656732559;0.9072916656732559;0.9072916656732559;1.0
109426;3710;1;0.6704678386449814;0.6704678386449814;0.6704678386449814;0.0
100054;101555;1;0.6848057508468628;0.6848057508468628;0.6848057508468628;0.0
103853;107581;1;0.7391666769981384;0.7391666769981384;0.7391666769981384;0.0
5776;9008;1;1.0;1.0;1.0;1.0
104389;108239;1;0.7741776406764984;0.7741776406764984;0.7741776406764984;0.0
109426;109749;1;0.7254803627729416;0.7254803627729416;0.7254803627729416;0.0
5238;8297;8;0.9322843849658966;0.9636363685131073;0.9484921339899302;1.0
100558;103056;1;0.7604405283927917;0.7604405283927917;0.7604405283927917;0.0
11531;3134;1;1.0;1.0;1.0;1.0
100558;107620;1;0.7203962206840515;0.7203962206840515;0.7203962206840515;0.0
102361;103634;1;0.9516128897666931;0.9516128897666931;0.9516128897666931;0.0
103155;106396;1;0.7416666746139526;0.7416666746139526;0.7416666746139526;0.0
107620;109749;1;0.7310153692960739;0.7310153692960739;0.7310153692960739;0.0
3529;4114;1;0.9880952388048172;0.9880952388048172;0.9880952388048172;1.0
104842;105066;1;0.7457377314567566;0.7457377314567566;0.7457377314567566;0.0
8609;9130;8;0.9500000029802322;1.0;0.9812500011175871;1.0
106511;109749;1;0.7362960278987885;0.7362960278987885;0.7362960278987885;0.0
6358;9694;1;0.9698996692895889;0.9698996692895889;0.9698996692895889;1.0
104842;109426;1;0.7175438404083252;0.7175438404083252;0.7175438404083252;0.0
104734;105358;1;0.7238235175609589;0.7238235175609589;0.7238235175609589;0.0
10785;10833;1;0.949999988079071;0.949999988079071;0.949999988079071;1.0
3475;8592;8;0.9444444477558136;0.9703703820705414;0.9583622701466084;1.0
8630;8805;1;0.9074074029922485;0.9074074029922485;0.9074074029922485;1.0
103056;104842;1;0.6842836290597916;0.6842836290597916;0.6842836290597916;0.0
103424;104310;1;0.7492177039384842;0.7492177039384842;0.7492177039384842;0.0
101021;104310;1;0.8180164694786072;0.8180164694786072;0.8180164694786072;0.0
7199;8683;1;0.8597560971975327;0.8597560971975327;0.8597560971975327;1.0
101830;108369;1;0.7423780560493469;0.7423780560493469;0.7423780560493469;0.0
100558;104117;1;0.6683989018201828;0.6683989018201828;0.6683989018201828;0.0
104500;105148;1;0.7701389044523239;0.7701389044523239;0.7701389044523239;0.0
7604;9790;1;0.903623953461647;0.903623953461647;0.903623953461647;1.0
100054;100558;1;0.7788929343223572;0.7788929343223572;0.7788929343223572;0.0
105799;107472;1;0.9086538702249527;0.9086538702249527;0.9086538702249527;0.0
4709;4710;1;0.84375;0.84375;0.84375;1.0
102617;109429;1;0.6963768154382706;0.6963768154382706;0.6963768154382706;0.0
100521;104533;1;0.7057306170463562;0.7057306170463562;0.7057306170463562;0.0
6919;8060;6;0.9510732293128967;1.0;0.9680765950017506;1.0
3670;4441;6;0.9347826242446899;0.967391312122345;0.944670902358161;1.0
101555;106511;1;0.6802382171154022;0.6802382171154022;0.6802382171154022;0.0
104389;104862;1;0.745592936873436;0.745592936873436;0.745592936873436;0.0
101555;103002;1;0.7734771966934204;0.7734771966934204;0.7734771966934204;0.0
100187;109749;1;0.6932102888822556;0.6932102888822556;0.6932102888822556;0.0
5577;8990;8;0.9427083283662796;1.0;0.9694010398040215;1.0
104099;104842;1;0.7724519670009613;0.7724519670009613;0.7724519670009613;0.0
100521;101021;1;0.6960852444171906;0.6960852444171906;0.6960852444171906;0.0
102118;108875;1;0.7125000059604645;0.7125000059604645;0.7125000059604645;0.0
4179;4911;6;0.9000000059604645;0.9722222238779068;0.9311728436085914;1.0
106803;107918;1;1.0;1.0;1.0;0.0
104500;105156;1;0.7715277671813965;0.7715277671813965;0.7715277671813965;0.0
6802;7794;5;0.888293668627739;0.961904764175415;0.913888896505038;1.0
10061;3517;1;0.9861111044883728;0.9861111044883728;0.9861111044883728;1.0
100701;104862;1;0.7338827848434448;0.7338827848434448;0.7338827848434448;0.0
102617;109420;1;0.7170026749372482;0.7170026749372482;0.7170026749372482;0.0
102446;104112;1;0.7776767760515213;0.7776767760515213;0.7776767760515213;0.0
102670;104343;2;0.9421568661928177;0.9421568661928177;0.9421568661928177;0.0
100558;109749;1;0.7672989219427109;0.7672989219427109;0.7672989219427109;0.0
103424;3710;1;0.7325892597436905;0.7325892597436905;0.7325892597436905;0.0
4178;8683;1;0.8597560971975327;0.8597560971975327;0.8597560971975327;1.0
105148;105760;1;0.7460698932409286;0.7460698932409286;0.7460698932409286;0.0
104533;109749;1;0.8078569918870926;0.8078569918870926;0.8078569918870926;0.0
100500;105518;1;0.8227083832025528;0.8227083832025528;0.8227083832025528;0.0
101021;104533;1;0.6526803076267242;0.6526803076267242;0.6526803076267242;0.0
100521;3710;1;0.7140143513679504;0.7140143513679504;0.7140143513679504;0.0
10230;7852;8;0.9333333373069763;0.9916666746139526;0.9544070487221082;1.0
10361;7869;5;0.9629629701375961;1.0;0.9748148183027905;1.0
100054;3710;1;0.6526785492897034;0.6526785492897034;0.6526785492897034;0.0
101377;101414;1;0.8061224520206451;0.8061224520206451;0.8061224520206451;0.0
104097;109733;1;0.9186813235282898;0.9186813235282898;0.9186813235282898;0.0
100717;107620;1;0.7426747381687164;0.7426747381687164;0.7426747381687164;0.0
2807;7064;1;0.9807692319154739;0.9807692319154739;0.9807692319154739;1.0
100717;104117;1;0.7655511051416397;0.7655511051416397;0.7655511051416397;0.0
100521;104117;1;0.7658450305461884;0.7658450305461884;0.7658450305461884;0.0
100054;103424;1;0.6979166716337204;0.6979166716337204;0.6979166716337204;0.0
105066;107620;1;0.6958574801683426;0.6958574801683426;0.6958574801683426;0.0
104310;106511;1;0.6097848117351532;0.6097848117351532;0.6097848117351532;0.0
101555;103424;1;0.8315476179122925;0.8315476179122925;0.8315476179122925;0.0
100521;107620;1;0.6971844583749771;0.6971844583749771;0.6971844583749771;0.0
104719;106516;1;0.758055567741394;0.758055567741394;0.758055567741394;0.0
104117;3710;1;0.7253117114305496;0.7253117114305496;0.7253117114305496;0.0
100717;3710;1;0.7868055403232574;0.7868055403232574;0.7868055403232574;0.0
107620;109426;1;0.7291955649852753;0.7291955649852753;0.7291955649852753;0.0
104099;104310;1;0.6566754579544067;0.6566754579544067;0.6566754579544067;0.0
100717;103002;1;0.6665517836809158;0.6665517836809158;0.6665517836809158;0.0
100054;104842;1;0.6496084034442902;0.6496084034442902;0.6496084034442902;0.0
100558;108876;1;0.6786063611507416;0.6786063611507416;0.6786063611507416;0.0
10301;6246;8;0.9285714328289032;1.0;0.9657738115638494;1.0
108408;108563;1;1.0;1.0;1.0;0.0
104099;104533;1;0.7786172479391098;0.7786172479391098;0.7786172479391098;0.0
4520;6174;1;0.8269230723381042;0.8269230723381042;0.8269230723381042;1.0
10361;5426;5;0.9629629701375961;1.0;0.9748148183027905;1.0
5477;8368;1;0.9666666686534882;0.9666666686534882;0.9666666686534882;1.0
104533;108876;1;0.7251101583242416;0.7251101583242416;0.7251101583242416;0.0
106511;109426;1;0.6262736320495605;0.6262736320495605;0.6262736320495605;0.0
101830;107477;1;0.6334603577852249;0.6334603577852249;0.6334603577852249;0.0
5780;5782;1;1.0;1.0;1.0;1.0
103424;107620;1;0.775897666811943;0.775897666811943;0.775897666811943;0.0
106582;108239;1;0.7627083361148834;0.7627083361148834;0.7627083361148834;0.0
103424;104117;1;0.7844358682632446;0.7844358682632446;0.7844358682632446;0.0
100187;100717;1;0.761059120297432;0.761059120297432;0.761059120297432;0.0
100717;106511;1;0.5975372493267059;0.5975372493267059;0.5975372493267059;0.0
100240;100452;1;0.7381395399570465;0.7381395399570465;0.7381395399570465;0.0
106511;3710;1;0.6112114638090134;0.6112114638090134;0.6112114638090134;0.0
100187;105066;1;0.6970152705907822;0.6970152705907822;0.6970152705907822;0.0
8274;8630;1;0.9074074029922485;0.9074074029922485;0.9074074029922485;1.0
100187;104099;1;0.6832611709833145;0.6832611709833145;0.6832611709833145;0.0
100187;109426;1;0.6666454523801804;0.6666454523801804;0.6666454523801804;0.0
105066;106511;1;0.80464968085289;0.80464968085289;0.80464968085289;0.0
101021;3710;1;0.842361107468605;0.842361107468605;0.842361107468605;0.0
102394;109139;1;0.7216748744249344;0.7216748744249344;0.7216748744249344;0.0
8370;9876;1;0.9666666686534882;0.9666666686534882;0.9666666686534882;1.0
101555;104533;1;0.7861025184392929;0.7861025184392929;0.7861025184392929;0.0
108908;109258;1;0.7333333343267441;0.7333333343267441;0.7333333343267441;0.0
104310;107620;1;0.7630008608102798;0.7630008608102798;0.7630008608102798;0.0
10230;6858;8;0.9335664510726929;1.0;0.9512067859371504;1.0
100521;106511;1;0.6848549842834473;0.6848549842834473;0.6848549842834473;0.0
105098;105349;1;0.7903409004211426;0.7903409004211426;0.7903409004211426;0.0
10361;6761;1;0.9138888865709305;0.9138888865709305;0.9138888865709305;1.0
101021;103424;1;0.6783234179019928;0.6783234179019928;0.6783234179019928;0.0
100521;103002;1;0.7221466451883316;0.7221466451883316;0.7221466451883316;0.0
101164;102760;1;0.7338068187236786;0.7338068187236786;0.7338068187236786;0.0
100701;107811;1;0.6941017210483551;0.6941017210483551;0.6941017210483551;0.0
103548;104072;1;0.7415616363286972;0.7415616363286972;0.7415616363286972;0.0
101723;106128;1;0.78125;0.78125;0.78125;0.0
5477;9076;1;0.9833333343267441;0.9833333343267441;0.9833333343267441;1.0
100521;101555;1;0.8126750588417053;0.8126750588417053;0.8126750588417053;0.0
100785;103170;1;0.7458333373069763;0.7458333373069763;0.7458333373069763;0.0
6663;6665;1;0.9772727191448212;0.9772727191448212;0.9772727191448212;1.0
6756;8537;3;0.9480952123800913;0.9699999839067459;0.9607936326000425;1.0
104099;104117;1;0.7400761544704437;0.7400761544704437;0.7400761544704437;0.0
101555;103056;1;0.7460526376962662;0.7460526376962662;0.7460526376962662;0.0
100054;100187;1;0.632830411195755;0.632830411195755;0.632830411195755;0.0
106028;106211;1;0.7666666656732559;0.7666666656732559;0.7666666656732559;0.0
4179;4732;6;0.9000000059604645;0.9722222238779068;0.9311728436085914;1.0
102390;109139;1;0.7302955687046051;0.7302955687046051;0.7302955687046051;0.0
109199;109365;1;0.7455882430076599;0.7455882430076599;0.7455882430076599;0.0
101243;101298;1;0.7443589717149734;0.7443589717149734;0.7443589717149734;0.0
7344;8291;5;0.9161184132099152;0.9473684132099152;0.9279605189959209;1.0
100558;3710;1;0.6741596609354019;0.6741596609354019;0.6741596609354019;0.0
100558;104533;1;0.7058816999197006;0.7058816999197006;0.7058816999197006;0.0
100558;101021;1;0.6717065572738647;0.6717065572738647;0.6717065572738647;0.0
103398;105349;1;0.8041458576917648;0.8041458576917648;0.8041458576917648;0.0
100785;103181;1;0.7666666656732559;0.7666666656732559;0.7666666656732559;0.0
101555;108876;1;0.8698321729898453;0.8698321729898453;0.8698321729898453;0.0
100054;104310;1;0.7447487264871597;0.7447487264871597;0.7447487264871597;0.0
10102;8140;1;0.8983239233493805;0.8983239233493805;0.8983239233493805;1.0
2619;6174;8;0.9375;0.9791666666666666;0.9661458333333334;1.0
107811;108239;1;0.7526315748691559;0.7526315748691559;0.7526315748691559;0.0
100187;104310;1;0.7787931561470032;0.7787931561470032;0.7787931561470032;0.0
5664;8717;5;1.0;1.0;1.0;1.0
7515;7769;2;0.9111111164093018;1.0;0.9555555582046509;1.0
101021;109749;1;0.6226990967988968;0.6226990967988968;0.6226990967988968;0.0
104117;104533;1;0.72513347864151;0.72513347864151;0.72513347864151;0.0
4490;7121;1;0.8333333283662796;0.8333333283662796;0.8333333283662796;1.0
108771;108962;1;0.7517857104539871;0.7517857104539871;0.7517857104539871;0.0
100893;101107;1;0.7526190429925919;0.7526190429925919;0.7526190429925919;0.0
100187;3710;1;0.7612267732620239;0.7612267732620239;0.7612267732620239;0.0
103056;107620;1;0.8122599869966507;0.8122599869966507;0.8122599869966507;0.0
103424;104842;1;0.8616045266389847;0.8616045266389847;0.8616045266389847;0.0
108876;3710;1;0.773665264248848;0.773665264248848;0.773665264248848;0.0
100785;106212;1;0.7603174597024918;0.7603174597024918;0.7603174597024918;0.0
7540;8823;4;0.8745819330215454;0.9615384638309479;0.896321065723896;1.0
104099;107620;1;0.7054531425237656;0.7054531425237656;0.7054531425237656;0.0
100856;104842;1;0.7252923995256424;0.7252923995256424;0.7252923995256424;0.0
5835;9278;8;0.9583333283662796;1.0;0.9843749981373549;1.0
100708;105760;1;0.7250180393457413;0.7250180393457413;0.7250180393457413;0.0
100717;104099;1;0.6339285522699356;0.6339285522699356;0.6339285522699356;0.0
103002;105066;1;0.8047599643468857;0.8047599643468857;0.8047599643468857;0.0
103002;109426;1;0.7373851388692856;0.7373851388692856;0.7373851388692856;0.0
103002;104099;1;0.800912544131279;0.800912544131279;0.800912544131279;0.0
101021;108876;1;0.7283263057470322;0.7283263057470322;0.7283263057470322;0.0
103691;107477;1;0.7358172982931137;0.7358172982931137;0.7358172982931137;0.0
103356;108369;1;0.7648148238658905;0.7648148238658905;0.7648148238658905;0.0
100717;100856;1;0.7604166716337204;0.7604166716337204;0.7604166716337204;0.0
100717;105066;1;0.6187190860509872;0.6187190860509872;0.6187190860509872;0.0
100558;103424;1;0.7077643573284149;0.7077643573284149;0.7077643573284149;0.0
8368;9076;1;0.9833333343267441;0.9833333343267441;0.9833333343267441;1.0
5025;9863;5;0.8791666626930237;0.9089285731315613;0.8949999958276749;1.0
100717;109426;1;0.7040518075227737;0.7040518075227737;0.7040518075227737;0.0
100054;101021;1;0.6375165283679962;0.6375165283679962;0.6375165283679962;0.0
100054;104533;1;0.7006346136331558;0.7006346136331558;0.7006346136331558;0.0
7653;7852;4;0.8819444477558136;0.9380341917276382;0.914396371692419;1.0
105066;109426;1;0.6643387377262115;0.6643387377262115;0.6643387377262115;0.0
101555;109749;1;0.6962776333093643;0.6962776333093643;0.6962776333093643;0.0
104862;106582;1;0.6912879049777985;0.6912879049777985;0.6912879049777985;0.0
104310;108876;1;0.8600743412971497;0.8600743412971497;0.8600743412971497;0.0
4441;8151;5;0.9029720276594162;0.9711538404226303;0.9230769217014313;1.0
100187;106511;1;0.7045711874961853;0.7045711874961853;0.7045711874961853;0.0
10000;8664;5;0.8965277820825577;0.96875;0.9234259287516278;1.0
100187;103002;1;0.7790689021348953;0.7790689021348953;0.7790689021348953;0.0
105779;107049;1;0.8017241358757019;0.8017241358757019;0.8017241358757019;0.0
6858;8029;8;0.9247086197137833;0.9666666686534882;0.933360043913126;1.0
103056;106511;1;0.6576013714075089;0.6576013714075089;0.6576013714075089;0.0
4588;4774;1;0.9166666567325592;0.9166666567325592;0.9166666567325592;1.0
102514;104500;1;0.8627365678548813;0.8627365678548813;0.8627365678548813;0.0
5394;5418;1;0.984375;0.984375;0.984375;1.0
10449;6162;7;0.9375;1.0;0.9821428571428571;1.0
104099;106511;1;0.8012969046831131;0.8012969046831131;0.8012969046831131;0.0
6102;9115;7;0.9444444477558136;1.0;0.9841269850730896;1.0
101624;109637;1;0.7173309326171875;0.7173309326171875;0.7173309326171875;0.0
104310;3710;1;0.7897456735372543;0.7897456735372543;0.7897456735372543;0.0
100856;101555;1;0.7727521806955338;0.7727521806955338;0.7727521806955338;0.0
104495;106383;1;0.718141034245491;0.718141034245491;0.718141034245491;0.0
100558;106511;1;0.7626894563436508;0.7626894563436508;0.7626894563436508;0.0
104117;104842;1;0.8341177403926849;0.8341177403926849;0.8341177403926849;0.0
100331;100785;1;0.7430555522441864;0.7430555522441864;0.7430555522441864;0.0
104310;109749;1;0.6793153882026672;0.6793153882026672;0.6793153882026672;0.0
100856;101021;1;0.7104828059673309;0.7104828059673309;0.7104828059673309;0.0
100856;104533;1;0.8110267668962479;0.8110267668962479;0.8110267668962479;0.0
103424;104533;1;0.8108134865760803;0.8108134865760803;0.8108134865760803;0.0
100558;103002;1;0.7028950303792953;0.7028950303792953;0.7028950303792953;0.0
105066;109749;1;0.8235362023115158;0.8235362023115158;0.8235362023115158;0.0
100708;104500;1;0.7963925004005432;0.7963925004005432;0.7963925004005432;0.0
100521;103424;1;0.7858893573284149;0.7858893573284149;0.7858893573284149;0.0
102838;103772;1;0.7422222197055817;0.7422222197055817;0.7422222197055817;0.0
100054;104117;1;0.6236249506473541;0.6236249506473541;0.6236249506473541;0.0
100054;107620;1;0.7362279146909714;0.7362279146909714;0.7362279146909714;0.0
7540;7542;1;0.9615384638309479;0.9615384638309479;0.9615384638309479;1.0
101555;107620;1;0.7635491639375687;0.7635491639375687;0.7635491639375687;0.0
107597;107618;1;0.7325302958488464;0.7325302958488464;0.7325302958488464;0.0
100187;104117;1;0.7762504369020462;0.7762504369020462;0.7762504369020462;0.0
103731;104112;1;0.7947222292423248;0.7947222292423248;0.7947222292423248;0.0
7622;8349;6;0.9117647111415863;0.9821428507566452;0.9444444419609175;1.0
101555;104117;1;0.7786253839731216;0.7786253839731216;0.7786253839731216;0.0
100187;107620;1;0.7527672052383423;0.7527672052383423;0.7527672052383423;0.0
4184;6950;4;0.863591268658638;0.9314814905325571;0.9038029114405314;1.0
101021;103056;1;0.712797611951828;0.712797611951828;0.712797611951828;0.0
104099;108876;1;0.635072723031044;0.635072723031044;0.635072723031044;0.0
103056;104310;1;0.7532702684402466;0.7532702684402466;0.7532702684402466;0.0
7731;9868;3;0.7749559283256531;0.9000000059604645;0.8330100079377493;1.0
101925;104169;1;0.8071428537368774;0.8071428537368774;0.8071428537368774;0.0
102542;103492;1;0.7663547247648239;0.7663547247648239;0.7663547247648239;0.0
102193;105236;1;0.7645833343267441;0.7645833343267441;0.7645833343267441;0.0
4843;8794;8;0.9333333373069763;1.0;0.9680555574595928;1.0
100521;104842;1;0.8140639662742615;0.8140639662742615;0.8140639662742615;0.0
100717;109749;1;0.6345086097717285;0.6345086097717285;0.6345086097717285;0.0
101021;107620;1;0.7219448685646057;0.7219448685646057;0.7219448685646057;0.0
103002;109749;1;0.8270669430494308;0.8270669430494308;0.8270669430494308;0.0
103056;103424;1;0.7552083283662796;0.7552083283662796;0.7552083283662796;0.0
103691;108369;1;0.6927884668111801;0.6927884668111801;0.6927884668111801;0.0
3670;8151;5;0.8513986021280289;0.9423076957464218;0.8794871807098389;1.0
108380;108482;1;0.752083346247673;0.752083346247673;0.752083346247673;0.0
7794;9063;5;0.888293668627739;0.961904764175415;0.913888896505038;1.0
100856;103424;1;0.779513880610466;0.779513880610466;0.779513880610466;0.0
103356;107477;1;0.7277777791023254;0.7277777791023254;0.7277777791023254;0.0
100558;104310;1;0.7055280804634094;0.7055280804634094;0.7055280804634094;0.0
100054;103002;1;0.6951995193958282;0.6951995193958282;0.6951995193958282;0.0
4613;6116;1;0.97826087474823;0.97826087474823;0.97826087474823;1.0
2406;7291;1;0.9874999970197678;0.9874999970197678;0.9874999970197678;1.0
104389;107811;1;0.7237689346075058;0.7237689346075058;0.7237689346075058;0.0
101564;108252;1;0.9821428507566452;0.9821428507566452;0.9821428507566452;0.0
100054;106511;1;0.7310637682676315;0.7310637682676315;0.7310637682676315;0.0
10314;2427;3;0.8941337764263153;0.9399671107530594;0.90941155453523;1.0
101556;105525;1;0.6497946828603745;0.6497946828603745;0.6497946828603745;0.0
7288;7483;5;1.0;1.0;1.0;1.0
6382;8494;7;0.9531746208667755;1.0;0.9756613905940738;1.0
101021;104117;1;0.7488982081413269;0.7488982081413269;0.7488982081413269;0.0
102116;104281;1;0.7192810475826263;0.7192810475826263;0.7192810475826263;0.0
103056;104533;1;0.7603688836097717;0.7603688836097717;0.7603688836097717;0.0
6562;8870;1;1.0;1.0;1.0;1.0
5830;8888;1;0.8166666626930237;0.8166666626930237;0.8166666626930237;1.0
2026;4601;1;1.0;1.0;1.0;1.0
9327;9412;5;1.0;1.0;1.0;1.0
104321;109639;1;0.7833333313465118;0.7833333313465118;0.7833333313465118;0.0
100054;103056;1;0.8214285671710968;0.8214285671710968;0.8214285671710968;0.0
104862;108239;1;0.7035839259624481;0.7035839259624481;0.7035839259624481;0.0
103002;108876;1;0.7101027518510818;0.7101027518510818;0.7101027518510818;0.0
100187;101555;1;0.824366569519043;0.824366569519043;0.824366569519043;0.0
103170;103181;1;0.7958333343267441;0.7958333343267441;0.7958333343267441;0.0
107477;108369;1;0.6303864791989326;0.6303864791989326;0.6303864791989326;0.0
103056;109749;1;0.7567669153213501;0.7567669153213501;0.7567669153213501;0.0
7769;8151;1;0.8822649568319321;0.8822649568319321;0.8822649568319321;1.0
102514;105760;1;0.8245039582252502;0.8245039582252502;0.8245039582252502;0.0
1838;7934;1;1.0;1.0;1.0;1.0
102611;106749;1;0.7708333283662796;0.7708333283662796;0.7708333283662796;0.0
4975;5889;8;0.9166666567325592;1.0;0.9600694396843513;1.0
10314;8640;3;0.9333333373069763;1.0;0.9555555582046509;1.0
100856;103002;1;0.796072706580162;0.796072706580162;0.796072706580162;0.0
100521;100856;1;0.7070874124765396;0.7070874124765396;0.7070874124765396;0.0
3134;6210;1;1.0;1.0;1.0;1.0
100331;103170;1;0.7496212124824524;0.7496212124824524;0.7496212124824524;0.0
100856;106511;1;0.7049361765384674;0.7049361765384674;0.7049361765384674;0.0
1884;9542;1;0.9473379651705424;0.9473379651705424;0.9473379651705424;1.0
103278;107044;1;0.7322751432657242;0.7322751432657242;0.7322751432657242;0.0
108841;109058;1;0.8152173906564713;0.8152173906564713;0.8152173906564713;0.0
7980;9790;1;0.9577643573284149;0.9577643573284149;0.9577643573284149;1.0
102120;103398;1;0.7769764959812164;0.7769764959812164;0.7769764959812164;0.0
7920;8494;4;0.8906746208667755;0.9888889044523239;0.9345899683733782;1.0
100054;108876;1;0.713958814740181;0.713958814740181;0.713958814740181;0.0
105617;107999;1;0.7529304027557373;0.7529304027557373;0.7529304027557373;0.0
104310;109426;1;0.7350135892629623;0.7350135892629623;0.7350135892629623;0.0
103002;103056;1;0.7721225917339325;0.7721225917339325;0.7721225917339325;0.0
104310;105066;1;0.626668855547905;0.626668855547905;0.626668855547905;0.0
3757;6377;4;0.8545531332492828;0.9018571376800537;0.8831426675120989;1.0
109749;3710;1;0.6136021912097931;0.6136021912097931;0.6136021912097931;0.0
6761;7869;1;0.8916666656732559;0.8916666656732559;0.8916666656732559;1.0
100893;101624;1;0.7368181794881821;0.7368181794881821;0.7368181794881821;0.0
100558;101555;1;0.6644349843263626;0.6644349843263626;0.6644349843263626;0.0
103170;106212;1;0.7477904111146927;0.7477904111146927;0.7477904111146927;0.0
100331;103181;1;0.7527777701616287;0.7527777701616287;0.7527777701616287;0.0
100331;106212;1;0.7710497826337814;0.7710497826337814;0.7710497826337814;0.0
4601;8410;1;0.8029040396213531;0.8029040396213531;0.8029040396213531;0.0
4586;7633;2;0.9545454382896423;0.9625668376684189;0.9585561379790306;1.0
3383;6969;6;0.894173875451088;0.938492069641749;0.9209024798538948;1.0
100717;101555;1;0.8008771687746048;0.8008771687746048;0.8008771687746048;0.0
6944;7731;3;0.9000000059604645;0.9436508019765218;0.9284391618437238;1.0
100856;3710;1;0.7528769820928574;0.7528769820928574;0.7528769820928574;0.0
103181;106212;1;0.7180555462837219;0.7180555462837219;0.7180555462837219;0.0
2139;3296;2;0.8925438523292542;0.9166666567325592;0.9046052545309067;1.0
10230;10383;8;0.9333333373069763;0.9916666746139526;0.9544070487221082;1.0
2317;4988;3;0.9000000059604645;0.9515151480833689;0.9338383856746885;1.0
4676;5746;1;0.875;0.875;0.875;1.0
104099;109749;1;0.8784461319446564;0.8784461319446564;0.8784461319446564;0.0
100187;104842;1;0.8171717077493668;0.8171717077493668;0.8171717077493668;0.0
100732;103846;1;0.7205555438995361;0.7205555438995361;0.7205555438995361;0.0
10312;9807;1;1.0;1.0;1.0;1.0
102424;107480;1;0.8095833361148834;0.8095833361148834;0.8095833361148834;0.0
104512;109129;1;0.7064516246318817;0.7064516246318817;0.7064516246318817;0.0
9421;9489;8;0.949999988079071;1.0;0.9760416609545549;1.0
10983;11174;1;0.9232323318719864;0.9232323318719864;0.9232323318719864;1.0
100856;104310;1;0.7880807518959045;0.7880807518959045;0.7880807518959045;0.0
103645;105876;1;0.7769230753183365;0.7769230753183365;0.7769230753183365;0.0
100521;100717;1;0.7435457408428192;0.7435457408428192;0.7435457408428192;0.0
5185;7072;1;1.0;1.0;1.0;1.0
2813;3155;1;0.9653679579496384;0.9653679579496384;0.9653679579496384;1.0
4358;6398;1;0.869047611951828;0.869047611951828;0.869047611951828;1.0
105538;105923;1;0.714880958199501;0.714880958199501;0.714880958199501;0.0
105148;105156;1;0.8309295177459717;0.8309295177459717;0.8309295177459717;0.0
100521;105066;1;0.7040249705314636;0.7040249705314636;0.7040249705314636;0.0
100521;104099;1;0.6851307302713394;0.6851307302713394;0.6851307302713394;0.0
105358;105700;1;0.7128787785768509;0.7128787785768509;0.7128787785768509;0.0
103719;107550;1;0.7678571492433548;0.7678571492433548;0.7678571492433548;0.0
100521;109426;1;0.6933006644248962;0.6933006644248962;0.6933006644248962;0.0
103804;104425;1;0.7410714328289032;0.7410714328289032;0.7410714328289032;0.0
7859;9798;1;0.9807692319154739;0.9807692319154739;0.9807692319154739;1.0
105098;107056;1;0.8852068036794662;0.8852068036794662;0.8852068036794662;0.0
101693;102395;1;0.7394047677516937;0.7394047677516937;0.7394047677516937;0.0
6547;6741;6;0.9000000059604645;0.9821428507566452;0.9388888867364988;1.0
9348;9485;8;0.96875;1.0;0.98828125;1.0
100001;100010;1;0.8355769217014313;0.8355769217014313;0.8355769217014313;0.0
3096;3123;3;0.9444444328546524;0.9761904776096344;0.9550264477729797;1.0
102120;105349;1;0.7797348350286484;0.7797348350286484;0.7797348350286484;0.0
104117;107620;1;0.6545329689979553;0.6545329689979553;0.6545329689979553;0.0
105349;107056;1;0.7621753215789795;0.7621753215789795;0.7621753215789795;0.0
105525;106101;1;0.7928125113248825;0.7928125113248825;0.7928125113248825;0.0
7161;8131;8;0.9629629552364349;1.0;0.9777199029922485;1.0
103398;107056;2;0.8640872985124588;0.8695818036794662;0.8668345510959625;0.0
101021;105066;1;0.588731437921524;0.588731437921524;0.588731437921524;0.0
108059;108956;1;0.8081395328044891;0.8081395328044891;0.8081395328044891;0.0
103002;107620;1;0.7768985778093338;0.7768985778093338;0.7768985778093338;0.0
10293;7599;2;0.8037795573472977;0.8507575690746307;0.8272685632109642;1.0
2252;4733;3;1.0;1.0;1.0;1.0
101021;109426;1;0.6548794060945511;0.6548794060945511;0.6548794060945511;0.0
103002;104117;1;0.7575868964195251;0.7575868964195251;0.7575868964195251;0.0
102960;105032;1;0.7483108043670654;0.7483108043670654;0.7483108043670654;0.0
109296;109299;3;0.8984327713648478;0.9245283007621765;0.915511581632826;0.0
4395;8725;8;0.9444444477558136;0.9722222238779068;0.958101854349176;1.0
10230;8029;8;0.9333333373069763;0.9916666746139526;0.9544070487221082;1.0
101021;104099;1;0.6229497492313385;0.6229497492313385;0.6229497492313385;0.0
7037;7237;8;0.9224746078252792;0.955882340669632;0.9374581140776476;1.0
9333;9450;2;0.984375;1.0;0.9921875;1.0
7604;7980;1;0.9458595961332321;0.9458595961332321;0.9458595961332321;1.0
102760;103339;1;0.8026315718889236;0.8026315718889236;0.8026315718889236;0.0
101830;103356;1;0.6859756112098694;0.6859756112098694;0.6859756112098694;0.0
105538;105701;1;0.7768398225307465;0.7768398225307465;0.7768398225307465;0.0
6314;8464;5;0.9193363785743713;0.9736842066049576;0.935583518942197;1.0
100521;100558;1;0.6181372702121735;0.6181372702121735;0.6181372702121735;0.0
8890;9063;1;0.964880958199501;0.964880958199501;0.964880958199501;1.0
104533;104842;1;0.7648391872644424;0.7648391872644424;0.7648391872644424;0.0
100187;103424;1;0.7745655030012131;0.7745655030012131;0.7745655030012131;0.0
104389;106582;1;0.7656249850988388;0.7656249850988388;0.7656249850988388;0.0
109532;109725;1;0.9444444477558136;0.9444444477558136;0.9444444477558136;0.0
8344;9229;8;0.9570707082748413;1.0;0.9764204559226831;1.0
102562;104023;1;0.7739845961332321;0.7739845961332321;0.7739845961332321;0.0
103056;108876;1;0.7652854919433594;0.7652854919433594;0.7652854919433594;0.0
104533;3710;1;0.7072733938694;0.7072733938694;0.7072733938694;0.0
11455;5289;4;0.8642534017562866;0.9411764740943909;0.8834841698408127;1.0
104117;106511;1;0.6533292084932327;0.6533292084932327;0.6533292084932327;0.0
101556;106101;1;0.7084375023841858;0.7084375023841858;0.7084375023841858;0.0
6506;6952;1;0.9523809552192688;0.9523809552192688;0.9523809552192688;1.0
6811;7429;4;0.9227053225040436;0.95652174949646;0.9329710255066553;1.0
100856;107620;1;0.8283890187740326;0.8283890187740326;0.8283890187740326;0.0
105156;105760;1;0.8015872985124588;0.8015872985124588;0.8015872985124588;0.0
6740;9193;1;0.9807692319154739;0.9807692319154739;0.9807692319154739;1.0
103002;106511;1;0.7477881163358688;0.7477881163358688;0.7477881163358688;0.0
4108;7977;5;0.9415983706712723;1.0;0.9615182638168335;1.0
103398;105098;1;0.8940972238779068;0.8940972238779068;0.8940972238779068;0.0
103056;104117;1;0.6739912629127502;0.6739912629127502;0.6739912629127502;0.0
104842;106511;1;0.7186474502086639;0.7186474502086639;0.7186474502086639;0.0
8301;9114;1;0.8375000059604645;0.8375000059604645;0.8375000059604645;1.0
10578;10628;1;0.8687499910593033;0.8687499910593033;0.8687499910593033;1.0
103878;109649;1;0.7043478339910507;0.7043478339910507;0.7043478339910507;0.0
100701;108239;1;0.6960526406764984;0.6960526406764984;0.6960526406764984;0.0
5010;5205;4;0.9210526347160339;0.960526317358017;0.94526681676507;1.0
10320;7581;3;0.8903632462024689;0.9333333373069763;0.9169729401667913;1.0
109274;109278;1;0.7885168641805649;0.7885168641805649;0.7885168641805649;0.0
103350;104042;1;0.9210526347160339;0.9210526347160339;0.9210526347160339;0.0
100856;104117;1;0.6976361274719238;0.6976361274719238;0.6976361274719238;0.0
100054;109749;1;0.7240288108587265;0.7240288108587265;0.7240288108587265;0.0
101555;104099;1;0.6974206417798996;0.6974206417798996;0.6974206417798996;0.0
7515;8151;5;0.9029720276594162;0.9711538404226303;0.9230769217014313;1.0
101555;105066;1;0.6966027617454529;0.6966027617454529;0.6966027617454529;0.0
4348;7170;8;0.9126811524232229;0.9406487196683884;0.926249240214626;1.0
7094;9189;5;0.9545454531908035;1.0;0.9646464645862579;1.0
5360;8430;7;0.9001748263835907;0.9230769276618958;0.9060536722342174;1.0
101555;109426;1;0.7522660791873932;0.7522660791873932;0.7522660791873932;0.0
100187;104533;1;0.7945166081190109;0.7945166081190109;0.7945166081190109;0.0
101830;103691;1;0.7233231663703918;0.7233231663703918;0.7233231663703918;0.0
100187;101021;1;0.737638995051384;0.737638995051384;0.737638995051384;0.0
101107;101624;1;0.75108902156353;0.75108902156353;0.75108902156353;0.0
10240;7367;1;0.9833333343267441;0.9833333343267441;0.9833333343267441;1.0
106582;107811;1;0.7239583283662796;0.7239583283662796;0.7239583283662796;0.0
104734;105700;1;0.7338235229253769;0.7338235229253769;0.7338235229253769;0.0
6620;7622;1;0.8933333307504654;0.8933333307504654;0.8933333307504654;1.0
104099;109426;1;0.696825385093689;0.696825385093689;0.696825385093689;0.0
3086;3215;1;1.0;1.0;1.0;1.0
100558;104842;1;0.6886695921421051;0.6886695921421051;0.6886695921421051;0.0
104099;105066;1;0.8223614543676376;0.8223614543676376;0.8223614543676376;0.0
104117;104310;1;0.7635406106710434;0.7635406106710434;0.7635406106710434;0.0
2890;2891;1;1.0;1.0;1.0;1.0
