elemento1;elemento2;qtdAlg;min;max;med;duplicata
100558;109426;1;0.6612784266471863;0.6612784266471863;0.6612784266471863;0.0
100558;104099;1;0.7396464794874191;0.7396464794874191;0.7396464794874191;0.0
100083;102987;1;0.9357263211693082;0.9357263211693082;0.9357263211693082;0.0
104842;107620;1;0.707939550280571;0.707939550280571;0.707939550280571;0.0
100717;104310;2;0.824765533208847;0.8482142984867096;0.8364899158477783;0.0
6413;7975;6;0.9555555582046509;1.0;0.9672939057151476;1.0
106511;107620;1;0.6821673512458801;0.6821673512458801;0.6821673512458801;0.0
100054;105076;1;0.9097222302641187;0.9097222302641187;0.9097222302641187;0.0
103002;104310;1;0.6949232220649719;0.6949232220649719;0.6949232220649719;0.0
102024;102960;1;0.7832207232713699;0.7832207232713699;0.7832207232713699;0.0
100521;103056;1;0.6960784196853638;0.6960784196853638;0.6960784196853638;0.0
102881;108491;1;0.7163663655519485;0.7163663655519485;0.7163663655519485;0.0
101555;3710;1;0.789483368396759;0.789483368396759;0.789483368396759;0.0
100655;107814;1;0.7217857092618942;0.7217857092618942;0.7217857092618942;0.0
100187;100856;1;0.7174316644668579;0.7174316644668579;0.7174316644668579;0.0
3395;5122;1;1.0;1.0;1.0;1.0
100558;100856;2;0.8142931461334229;0.8197057098150253;0.8169994279742241;0.0
104500;105760;1;0.7545634806156158;0.7545634806156158;0.7545634806156158;0.0
6382;7920;9;0.9375;1.0;0.95679012345679;1.0
8364;8526;6;0.9474206268787384;0.9880952338377634;0.9786706290863177;1.0
100856;109749;1;0.8172637820243835;0.8172637820243835;0.8172637820243835;0.0
2366;2367;6;0.8708333373069763;0.902222216129303;0.8849228355619642;1.0
100810;105094;2;0.8035714328289032;0.8690476218859354;0.8363095273574193;0.0
104842;3710;1;0.7180555611848831;0.7180555611848831;0.7180555611848831;0.0
103356;103691;1;0.7573717832565308;0.7573717832565308;0.7573717832565308;0.0
5204;7514;1;1.0;1.0;1.0;1.0
100558;105066;1;0.7294009625911713;0.7294009625911713;0.7294009625911713;0.0
103668;108962;1;0.8939732142857143;0.8939732142857143;0.8939732142857143;0.0
103424;109749;1;0.7795874625444412;0.7795874625444412;0.7795874625444412;0.0
100054;100856;2;0.7812139242887497;0.8456491061619351;0.8134315152253424;0.0
100893;109637;1;0.750217393040657;0.750217393040657;0.750217393040657;0.0
100358;103646;1;1.0;1.0;1.0;0.0
104610;105320;2;0.7802579402923584;0.9888392857142857;0.884548613003322;0.0
100521;108876;1;0.7449473291635513;0.7449473291635513;0.7449473291635513;0.0
8306;8663;1;0.9666666686534882;0.9666666686534882;0.9666666686534882;1.0
4563;5122;2;0.904166653752327;0.9314170756510326;0.9177918647016798;1.0
102826;105175;1;0.7508771866559982;0.7508771866559982;0.7508771866559982;0.0
5574;7562;1;0.9625000059604645;0.9625000059604645;0.9625000059604645;1.0
107620;3710;1;0.7448348551988602;0.7448348551988602;0.7448348551988602;0.0
109420;109429;1;0.7395161241292953;0.7395161241292953;0.7395161241292953;0.0
104117;105066;1;0.7108636945486069;0.7108636945486069;0.7108636945486069;0.0
104117;109426;1;0.7185379266738892;0.7185379266738892;0.7185379266738892;0.0
4441;7515;1;1.0;1.0;1.0;1.0
100717;104533;1;0.6800438612699509;0.6800438612699509;0.6800438612699509;0.0
8260;8445;5;0.8660104423761368;0.9412202388048172;0.9144223299291397;1.0
104533;107620;1;0.8186939656734467;0.8186939656734467;0.8186939656734467;0.0
100717;101021;1;0.7979166805744171;0.7979166805744171;0.7979166805744171;0.0
6992;7802;5;0.8958333432674408;0.9333333373069763;0.9088128467400869;1.0
101555;104842;1;0.807936504483223;0.807936504483223;0.807936504483223;0.0
104310;104842;1;0.7637077420949936;0.7637077420949936;0.7637077420949936;0.0
100187;100521;1;0.7485230416059494;0.7485230416059494;0.7485230416059494;0.0
103002;104533;1;0.8665718883275986;0.8665718883275986;0.8665718883275986;0.0
101021;101555;1;0.742147907614708;0.742147907614708;0.742147907614708;0.0
105179;107116;1;0.7444597035646439;0.7444597035646439;0.7444597035646439;0.0
100054;100717;1;0.6533730179071426;0.6533730179071426;0.6533730179071426;0.0
103424;108876;1;0.7645029723644257;0.7645029723644257;0.7645029723644257;0.0
7192;7778;4;1.0;1.0;1.0;1.0
6354;8424;2;0.9277777969837189;0.9833333343267441;0.9555555656552315;1.0
102514;105148;1;0.808600440621376;0.808600440621376;0.808600440621376;0.0
3159;9969;1;0.9947916716337204;0.9947916716337204;0.9947916716337204;1.0
100856;108876;1;0.7677289843559265;0.7677289843559265;0.7677289843559265;0.0
3356;6955;1;1.0;1.0;1.0;1.0
104823;108894;1;0.7601851671934128;0.7601851671934128;0.7601851671934128;0.0
101931;105268;1;0.7423076927661896;0.7423076927661896;0.7423076927661896;0.0
102762;103690;1;0.902597399694579;0.902597399694579;0.902597399694579;0.0
101465;108771;1;0.8830049272094455;0.8830049272094455;0.8830049272094455;0.0
10107;7341;1;1.0;1.0;1.0;1.0
7542;8823;3;0.8953488369782766;1.0;0.949243259808374;1.0
7653;8029;6;0.8819444477558136;0.9725274741649628;0.9248193974296252;1.0
100054;104099;1;0.6942460238933563;0.6942460238933563;0.6942460238933563;0.0
104620;108430;1;0.7178571373224258;0.7178571373224258;0.7178571373224258;0.0
100054;109426;1;0.7445279657840729;0.7445279657840729;0.7445279657840729;0.0
108876;109749;1;0.658062532544136;0.658062532544136;0.658062532544136;0.0
109053;109245;1;1.0;1.0;1.0;0.0
2004;3710;2;1.0;1.0;1.0;1.0
104099;3710;1;0.6101190447807312;0.6101190447807312;0.6101190447807312;0.0
100054;105066;1;0.620107963681221;0.620107963681221;0.620107963681221;0.0
102401;102567;1;0.7020833343267441;0.7020833343267441;0.7020833343267441;0.0
3192;7923;9;0.9749999940395355;1.0;0.9799382668218494;1.0
10383;6858;9;0.9247086197137833;0.9666666686534882;0.9378012975372335;1.0
100558;100717;1;0.6842320412397385;0.6842320412397385;0.6842320412397385;0.0
6858;7852;9;0.9247086197137833;0.9666666686534882;0.9401822497762701;1.0
101021;104842;1;0.6946759074926376;0.6946759074926376;0.6946759074926376;0.0
102514;105156;1;0.7923611104488373;0.7923611104488373;0.7923611104488373;0.0
5657;5681;1;0.8703703731298447;0.8703703731298447;0.8703703731298447;1.0
108843;108932;1;0.9242424219846725;0.9242424219846725;0.9242424219846725;0.0
106421;109222;1;0.7363636344671249;0.7363636344671249;0.7363636344671249;0.0
5371;5959;1;0.9861111044883728;0.9861111044883728;0.9861111044883728;1.0
100856;103056;1;0.8526785671710968;0.8526785671710968;0.8526785671710968;0.0
103002;3710;1;0.7068556696176529;0.7068556696176529;0.7068556696176529;0.0
3539;4190;1;0.984375;0.984375;0.984375;1.0
11423;11538;3;0.9312500059604645;0.989999994635582;0.9512595733006796;1.0
100170;100358;8;0.9500000029802322;0.9833333343267441;0.9590277802199125;0.0
100708;105148;1;0.8330107182264328;0.8330107182264328;0.8330107182264328;0.0
7525;8995;6;0.8812499940395355;0.9397321428571429;0.9017609090559068;1.0
3792;8891;6;0.8974637687206268;0.9291666746139526;0.9079005668560663;1.0
100856;104099;1;0.7967171519994736;0.7967171519994736;0.7967171519994736;0.0
100856;105066;1;0.7649649530649185;0.7649649530649185;0.7649649530649185;0.0
103056;3710;1;0.7139880955219269;0.7139880955219269;0.7139880955219269;0.0
101107;109637;1;0.7064990997314453;0.7064990997314453;0.7064990997314453;0.0
104533;106511;1;0.7390107959508896;0.7390107959508896;0.7390107959508896;0.0
104842;108876;1;0.7703931629657745;0.7703931629657745;0.7703931629657745;0.0
4124;6737;3;0.9234693816729954;1.0;0.9625850326958156;1.0
107340;107990;1;0.8076923042535782;0.8076923042535782;0.8076923042535782;0.0
101164;103339;1;0.6985197365283966;0.6985197365283966;0.6985197365283966;0.0
103002;103424;1;0.8360092788934708;0.8360092788934708;0.8360092788934708;0.0
106511;108876;1;0.6139345020055771;0.6139345020055771;0.6139345020055771;0.0
103424;105066;1;0.7562181204557419;0.7562181204557419;0.7562181204557419;0.0
102390;102394;1;0.8010714203119278;0.8010714203119278;0.8010714203119278;0.0
103424;109426;1;0.794394850730896;0.794394850730896;0.794394850730896;0.0
109081;109197;1;0.7822377979755402;0.7822377979755402;0.7822377979755402;0.0
2771;5458;5;0.915178582072258;0.9930555522441864;0.9763227502504984;1.0
106868;108869;1;0.7227011471986771;0.7227011471986771;0.7227011471986771;0.0
10383;7653;6;0.8819444477558136;0.9725274741649628;0.9248193974296252;1.0
10119;7664;5;0.8753235042095184;0.9609127044677734;0.9381533291604784;1.0
105590;109716;1;0.7592105269432068;0.7592105269432068;0.7592105269432068;0.0
103424;104099;1;0.7708333283662796;0.7708333283662796;0.7708333283662796;0.0
108746;109003;1;0.7516025602817535;0.7516025602817535;0.7516025602817535;0.0
2571;9019;1;1.0;1.0;1.0;1.0
7123;9038;8;0.960526317358017;1.0;0.9692982468340132;1.0
102987;105760;1;0.9113906813519341;0.9113906813519341;0.9113906813519341;0.0
3670;7515;8;0.936141312122345;0.967391312122345;0.9462560456660059;1.0
105016;107434;1;1.0;1.0;1.0;0.0
100856;109426;1;0.7668494284152985;0.7668494284152985;0.7668494284152985;0.0
100717;103424;1;0.7253472059965134;0.7253472059965134;0.7253472059965134;0.0
100466;108786;1;0.7264705896377563;0.7264705896377563;0.7264705896377563;0.0
105701;105923;1;0.7350852340459824;0.7350852340459824;0.7350852340459824;0.0
100708;105156;1;0.7723214328289032;0.7723214328289032;0.7723214328289032;0.0
102120;105098;1;0.8263888955116272;0.8263888955116272;0.8263888955116272;0.0
100701;106582;1;0.7056547701358795;0.7056547701358795;0.7056547701358795;0.0
4124;7722;3;0.9234693816729954;1.0;0.9625850326958156;1.0
4145;4886;6;0.9590290657111576;1.0;0.9872191303542682;1.0
104117;109749;1;0.7465978711843491;0.7465978711843491;0.7465978711843491;0.0
105066;3710;1;0.6192959100008011;0.6192959100008011;0.6192959100008011;0.0
3670;7769;2;0.8785024285316467;0.936141312122345;0.9073218703269958;1.0
11006;11008;1;1.0;1.0;1.0;1.0
101465;108962;1;0.9137930997780391;0.9137930997780391;0.9137930997780391;0.0
105723;107973;1;1.0;1.0;1.0;0.0
9588;9811;9;0.96875;1.0;0.9783950617283951;1.0
11150;8901;9;0.9659090936183929;1.0;0.9906204917601177;1.0
2619;4520;1;0.8269230723381042;0.8269230723381042;0.8269230723381042;1.0
105374;107336;1;0.7905302941799164;0.7905302941799164;0.7905302941799164;0.0
104842;109749;1;0.7555247098207474;0.7555247098207474;0.7555247098207474;0.0
4895;9209;9;0.9642857164144516;1.0;0.9753086434470283;1.0
102948;107999;1;0.9071428605488369;0.9071428605488369;0.9071428605488369;0.0
102446;103731;1;0.7852525264024734;0.7852525264024734;0.7852525264024734;0.0
109241;109438;1;0.8623670190572739;0.8623670190572739;0.8623670190572739;0.0
100187;100558;1;0.6637700349092484;0.6637700349092484;0.6637700349092484;0.0
103672;103676;1;0.8835403685058866;0.8835403685058866;0.8835403685058866;0.0
11531;6210;1;1.0;1.0;1.0;1.0
7794;8890;8;0.9299242496490479;0.9924242496490479;0.9445496698220571;1.0
1858;9637;1;1.0;1.0;1.0;1.0
4441;7769;2;0.9111111164093018;1.0;0.9555555582046509;1.0
105156;107779;1;0.9402635970285961;0.9402635970285961;0.9402635970285961;0.0
108876;109426;1;0.7301768958568573;0.7301768958568573;0.7301768958568573;0.0
100446;103815;1;0.8082079142332077;0.8082079142332077;0.8082079142332077;0.0
2187;2418;1;1.0;1.0;1.0;1.0
2823;4684;7;0.9041537642478943;0.960526317358017;0.9289256618136451;1.0
102120;107056;1;0.7906746119260788;0.7906746119260788;0.7906746119260788;0.0
100521;109749;1;0.6710325181484222;0.6710325181484222;0.6710325181484222;0.0
109476;109545;1;0.7324275523424149;0.7324275523424149;0.7324275523424149;0.0
5426;6761;2;0.8499999940395355;0.8916666656732559;0.8708333298563957;1.0
2188;8063;6;0.9416666626930237;1.0;0.9819444393118223;1.0
103002;104842;1;0.807732880115509;0.807732880115509;0.807732880115509;0.0
103056;109426;1;0.8075605779886246;0.8075605779886246;0.8075605779886246;0.0
102835;105958;1;0.7648148238658905;0.7648148238658905;0.7648148238658905;0.0
103056;105066;1;0.700770378112793;0.700770378112793;0.700770378112793;0.0
101983;108733;2;0.7619047611951828;0.9054621798651559;0.8336834705301693;0.0
103056;104099;1;0.730555534362793;0.730555534362793;0.730555534362793;0.0
6858;7653;6;0.8306915313005447;0.9111111164093018;0.8659111814839499;1.0
100701;104389;1;0.6679653525352478;0.6679653525352478;0.6679653525352478;0.0
107620;108876;1;0.7653649598360062;0.7653649598360062;0.7653649598360062;0.0
100054;100521;1;0.5446078330278397;0.5446078330278397;0.5446078330278397;0.0
104117;108876;1;0.7160637825727463;0.7160637825727463;0.7160637825727463;0.0
10628;109189;1;0.7727704644203186;0.7727704644203186;0.7727704644203186;0.0
100717;104842;1;0.7111111134290695;0.7111111134290695;0.7111111134290695;0.0
103424;108429;1;0.9011919796466829;0.9011919796466829;0.9011919796466829;0.0
5542;6695;5;0.9259259435865614;0.9791666716337204;0.9400097605254916;1.0
104533;105066;1;0.7744311392307281;0.7744311392307281;0.7744311392307281;0.0
103069;109651;1;0.8053935468196869;0.8053935468196869;0.8053935468196869;0.0
10578;109189;1;0.7969907373189926;0.7969907373189926;0.7969907373189926;0.0
108797;108932;1;0.7104166597127914;0.7104166597127914;0.7104166597127914;0.0
100558;105349;1;0.7376623451709747;0.7376623451709747;0.7376623451709747;0.0
4384;5681;1;0.8703703731298447;0.8703703731298447;0.8703703731298447;1.0
100960;103952;1;0.7953571379184723;0.7953571379184723;0.7953571379184723;0.0
101021;106511;1;0.5788299441337585;0.5788299441337585;0.5788299441337585;0.0
100187;103056;1;0.6983065754175186;0.6983065754175186;0.6983065754175186;0.0
102024;105032;1;0.7347972989082336;0.7347972989082336;0.7347972989082336;0.0
106206;107125;1;0.7368908375501633;0.7368908375501633;0.7368908375501633;0.0
104533;109426;1;0.7640350908041;0.7640350908041;0.7640350908041;0.0
2577;2581;1;0.9833333343267441;0.9833333343267441;0.9833333343267441;1.0
101021;103002;1;0.6404204964637756;0.6404204964637756;0.6404204964637756;0.0
103424;106511;1;0.7257435321807861;0.7257435321807861;0.7257435321807861;0.0
7211;7614;1;0.9404761833803994;0.9404761833803994;0.9404761833803994;1.0
10230;7653;6;0.8534188121557236;0.9159340709447862;0.8831400151054064;1.0
6620;8349;1;0.8814285844564438;0.8814285844564438;0.8814285844564438;1.0
7898;8422;1;0.9888889044523239;0.9888889044523239;0.9888889044523239;1.0
7134;9695;1;1.0;1.0;1.0;1.0
7008;8831;1;1.0;1.0;1.0;1.0
100708;102514;1;0.8100559264421463;0.8100559264421463;0.8100559264421463;0.0
100717;108876;1;0.810343325138092;0.810343325138092;0.810343325138092;0.0
6922;9161;7;0.9045454561710358;0.9545454531908035;0.922294373313586;1.0
108752;109347;1;0.7687499821186066;0.7687499821186066;0.7687499821186066;0.0
104862;107811;1;0.67441725730896;0.67441725730896;0.67441725730896;0.0
100187;108876;1;0.7652322351932526;0.7652322351932526;0.7652322351932526;0.0
105066;108876;1;0.6386662125587463;0.6386662125587463;0.6386662125587463;0.0
100717;103056;1;0.7416666597127914;0.7416666597127914;0.7416666597127914;0.0
102987;107056;1;0.9072356202772686;0.9072356202772686;0.9072356202772686;0.0
7363;8118;1;0.9772727191448212;0.9772727191448212;0.9772727191448212;1.0
101555;104310;1;0.8181202709674835;0.8181202709674835;0.8181202709674835;0.0
101457;108188;1;0.7465277910232544;0.7465277910232544;0.7465277910232544;0.0
102666;105709;1;0.9744245558977127;0.9744245558977127;0.9744245558977127;0.0
105618;106271;1;0.7652173936367035;0.7652173936367035;0.7652173936367035;0.0
104310;104533;1;0.7096057832241058;0.7096057832241058;0.7096057832241058;0.0
100521;104310;1;0.7695342004299164;0.7695342004299164;0.7695342004299164;0.0
1818;7075;2;0.8763888875643412;0.9072916656732559;0.8918402766187985;1.0
109426;3710;1;0.6704678386449814;0.6704678386449814;0.6704678386449814;0.0
100054;101555;1;0.6848057508468628;0.6848057508468628;0.6848057508468628;0.0
103853;107581;1;0.7391666769981384;0.7391666769981384;0.7391666769981384;0.0
5776;9008;2;1.0;1.0;1.0;1.0
104389;108239;1;0.7741776406764984;0.7741776406764984;0.7741776406764984;0.0
109426;109749;1;0.7254803627729416;0.7254803627729416;0.7254803627729416;0.0
5238;8297;9;0.9167303144931794;0.9711538404226303;0.9438687643887085;1.0
100558;103056;1;0.7604405283927917;0.7604405283927917;0.7604405283927917;0.0
11531;3134;1;1.0;1.0;1.0;1.0
100558;107620;1;0.7203962206840515;0.7203962206840515;0.7203962206840515;0.0
103155;106396;1;0.7416666746139526;0.7416666746139526;0.7416666746139526;0.0
107620;109749;1;0.7310153692960739;0.7310153692960739;0.7310153692960739;0.0
3529;4114;1;0.9880952388048172;0.9880952388048172;0.9880952388048172;1.0
100708;101442;1;0.9227678584200997;0.9227678584200997;0.9227678584200997;0.0
100198;106489;1;1.0;1.0;1.0;0.0
104842;105066;1;0.7457377314567566;0.7457377314567566;0.7457377314567566;0.0
8609;9130;9;0.9500000029802322;1.0;0.9865062411815401;1.0
106511;109749;1;0.7362960278987885;0.7362960278987885;0.7362960278987885;0.0
104842;109426;1;0.7175438404083252;0.7175438404083252;0.7175438404083252;0.0
104734;105358;1;0.7238235175609589;0.7238235175609589;0.7238235175609589;0.0
10785;10833;1;0.9749999940395355;0.9749999940395355;0.9749999940395355;1.0
3475;8592;8;0.9565972238779068;0.9722222238779068;0.9645061786803935;1.0
8630;8805;2;0.887766549984614;0.9074074029922485;0.8975869764884312;1.0
103056;104842;1;0.6842836290597916;0.6842836290597916;0.6842836290597916;0.0
103424;104310;1;0.7492177039384842;0.7492177039384842;0.7492177039384842;0.0
101021;104310;1;0.8180164694786072;0.8180164694786072;0.8180164694786072;0.0
7199;8683;1;0.8597560971975327;0.8597560971975327;0.8597560971975327;1.0
101830;108369;1;0.7423780560493469;0.7423780560493469;0.7423780560493469;0.0
100558;104117;1;0.6683989018201828;0.6683989018201828;0.6683989018201828;0.0
104500;105148;1;0.7701389044523239;0.7701389044523239;0.7701389044523239;0.0
100054;100558;1;0.7788929343223572;0.7788929343223572;0.7788929343223572;0.0
105799;107472;1;0.9086538702249527;0.9086538702249527;0.9086538702249527;0.0
4709;4710;3;0.84375;1.0;0.9094907409614987;1.0
102617;109429;1;0.6963768154382706;0.6963768154382706;0.6963768154382706;0.0
100521;104533;1;0.7057306170463562;0.7057306170463562;0.7057306170463562;0.0
6919;8060;6;0.9510732293128967;1.0;0.971012199918429;1.0
3670;4441;9;0.936141312122345;0.967391312122345;0.9468704541419127;1.0
101555;106511;1;0.6802382171154022;0.6802382171154022;0.6802382171154022;0.0
104389;104862;1;0.745592936873436;0.745592936873436;0.745592936873436;0.0
101555;103002;1;0.7734771966934204;0.7734771966934204;0.7734771966934204;0.0
100187;109749;1;0.6932102888822556;0.6932102888822556;0.6932102888822556;0.0
105518;107620;1;0.9191834032535553;0.9191834032535553;0.9191834032535553;0.0
100856;105076;1;0.8819399369614466;0.8819399369614466;0.8819399369614466;0.0
5577;8990;9;0.9427083283662796;1.0;0.9788359772065751;1.0
104099;104842;1;0.7724519670009613;0.7724519670009613;0.7724519670009613;0.0
103846;105944;1;0.9068322990621839;0.9068322990621839;0.9068322990621839;0.0
100521;101021;1;0.6960852444171906;0.6960852444171906;0.6960852444171906;0.0
102118;108875;1;0.7125000059604645;0.7125000059604645;0.7125000059604645;0.0
4179;4911;7;0.922222226858139;0.9722222238779068;0.9380070583687888;1.0
106803;107918;1;1.0;1.0;1.0;0.0
104500;105156;1;0.7715277671813965;0.7715277671813965;0.7715277671813965;0.0
6802;7794;8;0.8952381014823914;0.961904764175415;0.9146825437330538;1.0
100701;104862;1;0.7338827848434448;0.7338827848434448;0.7338827848434448;0.0
102617;109420;1;0.7170026749372482;0.7170026749372482;0.7170026749372482;0.0
102446;104112;1;0.7776767760515213;0.7776767760515213;0.7776767760515213;0.0
102670;104343;2;0.9421568661928177;0.9435107303517205;0.9428337982722691;0.0
100558;109749;1;0.7672989219427109;0.7672989219427109;0.7672989219427109;0.0
103424;3710;1;0.7325892597436905;0.7325892597436905;0.7325892597436905;0.0
4178;8683;1;0.8597560971975327;0.8597560971975327;0.8597560971975327;1.0
105148;105760;1;0.7460698932409286;0.7460698932409286;0.7460698932409286;0.0
105349;107734;1;0.886363610625267;0.886363610625267;0.886363610625267;0.0
104533;109749;1;0.8078569918870926;0.8078569918870926;0.8078569918870926;0.0
100500;105518;1;0.8227083832025528;0.8227083832025528;0.8227083832025528;0.0
102697;103567;1;0.9060846599084991;0.9060846599084991;0.9060846599084991;0.0
101021;104533;1;0.6526803076267242;0.6526803076267242;0.6526803076267242;0.0
100521;3710;1;0.7140143513679504;0.7140143513679504;0.7140143513679504;0.0
10230;7852;9;0.9474359005689621;0.9916666746139526;0.9627198979810433;1.0
10361;7869;7;0.960317462682724;1.0;0.9731670469045639;1.0
100054;3710;1;0.6526785492897034;0.6526785492897034;0.6526785492897034;0.0
101377;101414;1;0.8061224520206451;0.8061224520206451;0.8061224520206451;0.0
105156;107056;1;0.903273805975914;0.903273805975914;0.903273805975914;0.0
104097;109733;1;0.9186813235282898;0.9186813235282898;0.9186813235282898;0.0
100717;107620;1;0.7426747381687164;0.7426747381687164;0.7426747381687164;0.0
100717;104117;1;0.7655511051416397;0.7655511051416397;0.7655511051416397;0.0
100521;104117;1;0.7658450305461884;0.7658450305461884;0.7658450305461884;0.0
103668;108771;1;0.8883928571428571;0.8883928571428571;0.8883928571428571;0.0
100054;103424;1;0.6979166716337204;0.6979166716337204;0.6979166716337204;0.0
105066;107620;1;0.6958574801683426;0.6958574801683426;0.6958574801683426;0.0
104310;106511;1;0.6097848117351532;0.6097848117351532;0.6097848117351532;0.0
101555;103424;1;0.8315476179122925;0.8315476179122925;0.8315476179122925;0.0
100521;107620;1;0.6971844583749771;0.6971844583749771;0.6971844583749771;0.0
104719;106516;1;0.758055567741394;0.758055567741394;0.758055567741394;0.0
104117;3710;1;0.7253117114305496;0.7253117114305496;0.7253117114305496;0.0
100083;107056;1;0.9031557036297662;0.9031557036297662;0.9031557036297662;0.0
100717;3710;1;0.7868055403232574;0.7868055403232574;0.7868055403232574;0.0
107620;109426;1;0.7291955649852753;0.7291955649852753;0.7291955649852753;0.0
104099;104310;1;0.6566754579544067;0.6566754579544067;0.6566754579544067;0.0
100717;103002;1;0.6665517836809158;0.6665517836809158;0.6665517836809158;0.0
100054;104842;1;0.6496084034442902;0.6496084034442902;0.6496084034442902;0.0
100558;108876;1;0.6786063611507416;0.6786063611507416;0.6786063611507416;0.0
10301;6246;9;0.9642857164144516;1.0;0.9753086434470283;1.0
108408;108563;1;1.0;1.0;1.0;0.0
104099;104533;1;0.7786172479391098;0.7786172479391098;0.7786172479391098;0.0
101873;102984;1;0.9234693816729954;0.9234693816729954;0.9234693816729954;0.0
4520;6174;1;0.8269230723381042;0.8269230723381042;0.8269230723381042;1.0
10361;5426;7;0.960317462682724;1.0;0.9731670469045639;1.0
101502;109469;1;0.9234693816729954;0.9234693816729954;0.9234693816729954;0.0
104533;108876;1;0.7251101583242416;0.7251101583242416;0.7251101583242416;0.0
106511;109426;1;0.6262736320495605;0.6262736320495605;0.6262736320495605;0.0
101756;102013;1;0.9107142857142857;0.9107142857142857;0.9107142857142857;0.0
101830;107477;1;0.6334603577852249;0.6334603577852249;0.6334603577852249;0.0
5780;5782;1;1.0;1.0;1.0;1.0
103424;107620;1;0.775897666811943;0.775897666811943;0.775897666811943;0.0
106582;108239;1;0.7627083361148834;0.7627083361148834;0.7627083361148834;0.0
103424;104117;1;0.7844358682632446;0.7844358682632446;0.7844358682632446;0.0
100187;100717;1;0.761059120297432;0.761059120297432;0.761059120297432;0.0
100717;106511;1;0.5975372493267059;0.5975372493267059;0.5975372493267059;0.0
100240;100452;1;0.7381395399570465;0.7381395399570465;0.7381395399570465;0.0
106511;3710;1;0.6112114638090134;0.6112114638090134;0.6112114638090134;0.0
100187;105066;1;0.6970152705907822;0.6970152705907822;0.6970152705907822;0.0
8274;8630;2;0.887766549984614;0.9074074029922485;0.8975869764884312;1.0
100187;104099;1;0.6832611709833145;0.6832611709833145;0.6832611709833145;0.0
100187;109426;1;0.6666454523801804;0.6666454523801804;0.6666454523801804;0.0
105066;106511;1;0.80464968085289;0.80464968085289;0.80464968085289;0.0
101021;3710;1;0.842361107468605;0.842361107468605;0.842361107468605;0.0
102394;109139;1;0.7216748744249344;0.7216748744249344;0.7216748744249344;0.0
8370;9876;1;0.9833333343267441;0.9833333343267441;0.9833333343267441;1.0
101555;104533;1;0.7861025184392929;0.7861025184392929;0.7861025184392929;0.0
108908;109258;1;0.7333333343267441;0.7333333343267441;0.7333333343267441;0.0
104310;107620;1;0.7630008608102798;0.7630008608102798;0.7630008608102798;0.0
10230;6858;9;0.938811182975769;1.0;0.9536250867540874;1.0
100521;106511;1;0.6848549842834473;0.6848549842834473;0.6848549842834473;0.0
105098;105349;1;0.7903409004211426;0.7903409004211426;0.7903409004211426;0.0
10361;6761;2;0.8796296219031016;0.9138888865709305;0.896759254237016;1.0
101021;103424;1;0.6783234179019928;0.6783234179019928;0.6783234179019928;0.0
100521;103002;1;0.7221466451883316;0.7221466451883316;0.7221466451883316;0.0
101164;102760;1;0.7338068187236786;0.7338068187236786;0.7338068187236786;0.0
100701;107811;1;0.6941017210483551;0.6941017210483551;0.6941017210483551;0.0
8265;9149;1;1.0;1.0;1.0;1.0
103548;104072;1;0.7415616363286972;0.7415616363286972;0.7415616363286972;0.0
100558;105131;1;0.9138655407088143;0.9138655407088143;0.9138655407088143;0.0
101723;106128;1;0.78125;0.78125;0.78125;0.0
100521;101555;1;0.8126750588417053;0.8126750588417053;0.8126750588417053;0.0
100785;103170;1;0.7458333373069763;0.7458333373069763;0.7458333373069763;0.0
6756;8537;5;0.9441269569926791;0.9821428507566452;0.9584920432832504;1.0
107056;107779;1;0.8690476162093026;0.8690476162093026;0.8690476162093026;0.0
104099;104117;1;0.7400761544704437;0.7400761544704437;0.7400761544704437;0.0
101555;103056;1;0.7460526376962662;0.7460526376962662;0.7460526376962662;0.0
100054;100187;1;0.632830411195755;0.632830411195755;0.632830411195755;0.0
106028;106211;1;0.7666666656732559;0.7666666656732559;0.7666666656732559;0.0
4179;4732;7;0.922222226858139;0.9722222238779068;0.9380070583687888;1.0
102390;109139;1;0.7302955687046051;0.7302955687046051;0.7302955687046051;0.0
109199;109365;1;0.7455882430076599;0.7455882430076599;0.7455882430076599;0.0
101243;101298;1;0.7443589717149734;0.7443589717149734;0.7443589717149734;0.0
7344;8291;7;0.9161184132099152;0.9473684132099152;0.9299028752342104;1.0
100558;3710;1;0.6741596609354019;0.6741596609354019;0.6741596609354019;0.0
103663;103676;1;0.922360245670591;0.922360245670591;0.922360245670591;0.0
100558;104533;1;0.7058816999197006;0.7058816999197006;0.7058816999197006;0.0
103663;103672;1;0.902597399694579;0.902597399694579;0.902597399694579;0.0
100558;101021;1;0.6717065572738647;0.6717065572738647;0.6717065572738647;0.0
11530;5099;1;1.0;1.0;1.0;1.0
103398;105349;1;0.8041458576917648;0.8041458576917648;0.8041458576917648;0.0
100785;103181;1;0.7666666656732559;0.7666666656732559;0.7666666656732559;0.0
101555;108876;1;0.8698321729898453;0.8698321729898453;0.8698321729898453;0.0
100054;104310;2;0.7447487264871597;0.8668109689440047;0.8057798477155822;0.0
10102;8140;1;0.8983239233493805;0.8983239233493805;0.8983239233493805;1.0
2619;6174;9;0.96875;1.0;0.9749228395061729;1.0
107811;108239;1;0.7526315748691559;0.7526315748691559;0.7526315748691559;0.0
100187;104310;1;0.7787931561470032;0.7787931561470032;0.7787931561470032;0.0
5664;8717;7;0.9134199108396258;1.0;0.9876314158342323;1.0
7515;7769;2;0.9111111164093018;1.0;0.9555555582046509;1.0
101021;109749;1;0.6226990967988968;0.6226990967988968;0.6226990967988968;0.0
104117;104533;1;0.72513347864151;0.72513347864151;0.72513347864151;0.0
4490;7121;2;0.8333333283662796;0.8888888855775198;0.8611111069718997;1.0
108771;108962;2;0.7517857104539871;0.9175824224948883;0.8346840664744377;0.0
100893;101107;1;0.7526190429925919;0.7526190429925919;0.7526190429925919;0.0
100187;3710;1;0.7612267732620239;0.7612267732620239;0.7612267732620239;0.0
103056;107620;1;0.8122599869966507;0.8122599869966507;0.8122599869966507;0.0
103424;104842;1;0.8616045266389847;0.8616045266389847;0.8616045266389847;0.0
108876;3710;1;0.773665264248848;0.773665264248848;0.773665264248848;0.0
100785;106212;1;0.7603174597024918;0.7603174597024918;0.7603174597024918;0.0
102987;105156;1;0.9560335384947913;0.9560335384947913;0.9560335384947913;0.0
7540;8823;6;0.8745819330215454;0.9615384638309479;0.902764696686987;1.0
103114;108843;1;0.8538961048637117;0.8538961048637117;0.8538961048637117;0.0
104099;107620;1;0.7054531425237656;0.7054531425237656;0.7054531425237656;0.0
100856;104842;1;0.7252923995256424;0.7252923995256424;0.7252923995256424;0.0
5835;9278;8;0.9583333283662796;1.0;0.9895833320915699;1.0
100708;105760;1;0.7250180393457413;0.7250180393457413;0.7250180393457413;0.0
100717;104099;1;0.6339285522699356;0.6339285522699356;0.6339285522699356;0.0
103002;105066;1;0.8047599643468857;0.8047599643468857;0.8047599643468857;0.0
101821;103846;1;0.9068322990621839;0.9068322990621839;0.9068322990621839;0.0
103002;109426;1;0.7373851388692856;0.7373851388692856;0.7373851388692856;0.0
103002;104099;1;0.800912544131279;0.800912544131279;0.800912544131279;0.0
101021;108876;1;0.7283263057470322;0.7283263057470322;0.7283263057470322;0.0
103691;107477;1;0.7358172982931137;0.7358172982931137;0.7358172982931137;0.0
103356;108369;1;0.7648148238658905;0.7648148238658905;0.7648148238658905;0.0
100717;100856;1;0.7604166716337204;0.7604166716337204;0.7604166716337204;0.0
100717;105066;1;0.6187190860509872;0.6187190860509872;0.6187190860509872;0.0
100558;103424;1;0.7077643573284149;0.7077643573284149;0.7077643573284149;0.0
103114;108932;1;0.8677248720611844;0.8677248720611844;0.8677248720611844;0.0
5025;9863;7;0.887499988079071;0.9821428528853825;0.9098639406111776;1.0
100717;109426;1;0.7040518075227737;0.7040518075227737;0.7040518075227737;0.0
100054;101021;1;0.6375165283679962;0.6375165283679962;0.6375165283679962;0.0
100054;104533;1;0.7006346136331558;0.7006346136331558;0.7006346136331558;0.0
7653;7852;6;0.8819444477558136;0.951098904013634;0.9212479690710703;1.0
105066;109426;1;0.6643387377262115;0.6643387377262115;0.6643387377262115;0.0
100128;102309;1;0.9045138912541526;0.9045138912541526;0.9045138912541526;0.0
101555;109749;1;0.6962776333093643;0.6962776333093643;0.6962776333093643;0.0
104862;106582;1;0.6912879049777985;0.6912879049777985;0.6912879049777985;0.0
104310;108876;1;0.8600743412971497;0.8600743412971497;0.8600743412971497;0.0
4441;8151;7;0.9029720276594162;0.9711538404226303;0.9234931724412101;1.0
100187;106511;1;0.7045711874961853;0.7045711874961853;0.7045711874961853;0.0
10000;8664;7;0.8965277820825577;0.96875;0.9260141121016608;1.0
100187;103002;1;0.7790689021348953;0.7790689021348953;0.7790689021348953;0.0
105760;107056;1;0.8745748294251305;0.8745748294251305;0.8745748294251305;0.0
105779;107049;1;0.8017241358757019;0.8017241358757019;0.8017241358757019;0.0
6858;8029;9;0.9247086197137833;0.9666666686534882;0.9378012975372335;1.0
103056;106511;1;0.6576013714075089;0.6576013714075089;0.6576013714075089;0.0
4588;4774;1;0.9166666567325592;0.9166666567325592;0.9166666567325592;1.0
102514;104500;1;0.8627365678548813;0.8627365678548813;0.8627365678548813;0.0
10449;6162;8;0.9375;1.0;0.988467261461275;1.0
104099;106511;1;0.8012969046831131;0.8012969046831131;0.8012969046831131;0.0
6102;9115;8;0.9443241889987674;1.0;0.9860960795943227;1.0
101624;109637;1;0.7173309326171875;0.7173309326171875;0.7173309326171875;0.0
104310;3710;1;0.7897456735372543;0.7897456735372543;0.7897456735372543;0.0
100856;101555;1;0.7727521806955338;0.7727521806955338;0.7727521806955338;0.0
104495;106383;1;0.718141034245491;0.718141034245491;0.718141034245491;0.0
100558;106511;1;0.7626894563436508;0.7626894563436508;0.7626894563436508;0.0
109732;109743;1;0.8916666656732559;0.8916666656732559;0.8916666656732559;0.0
104117;104842;1;0.8341177403926849;0.8341177403926849;0.8341177403926849;0.0
100331;100785;1;0.7430555522441864;0.7430555522441864;0.7430555522441864;0.0
104310;109749;1;0.6793153882026672;0.6793153882026672;0.6793153882026672;0.0
100856;101021;1;0.7104828059673309;0.7104828059673309;0.7104828059673309;0.0
100856;104533;1;0.8110267668962479;0.8110267668962479;0.8110267668962479;0.0
103424;104533;1;0.8108134865760803;0.8108134865760803;0.8108134865760803;0.0
100558;103002;1;0.7028950303792953;0.7028950303792953;0.7028950303792953;0.0
105066;109749;1;0.8235362023115158;0.8235362023115158;0.8235362023115158;0.0
100708;104500;1;0.7963925004005432;0.7963925004005432;0.7963925004005432;0.0
100521;103424;1;0.7858893573284149;0.7858893573284149;0.7858893573284149;0.0
102838;103772;1;0.7422222197055817;0.7422222197055817;0.7422222197055817;0.0
100054;104117;1;0.6236249506473541;0.6236249506473541;0.6236249506473541;0.0
100054;107620;1;0.7362279146909714;0.7362279146909714;0.7362279146909714;0.0
100558;107734;1;0.7694804966449738;0.7694804966449738;0.7694804966449738;0.0
7540;7542;3;0.8425760269165039;0.9615384638309479;0.9031922206992196;1.0
101555;107620;1;0.7635491639375687;0.7635491639375687;0.7635491639375687;0.0
107597;107618;1;0.7325302958488464;0.7325302958488464;0.7325302958488464;0.0
100187;104117;1;0.7762504369020462;0.7762504369020462;0.7762504369020462;0.0
103731;104112;1;0.7947222292423248;0.7947222292423248;0.7947222292423248;0.0
7622;8349;9;0.9380252063274384;1.0;0.9551691013721771;1.0
101555;104117;1;0.7786253839731216;0.7786253839731216;0.7786253839731216;0.0
102948;105901;1;0.9060150342328208;0.9060150342328208;0.9060150342328208;0.0
100187;107620;1;0.7527672052383423;0.7527672052383423;0.7527672052383423;0.0
4184;6950;6;0.863591268658638;0.9314814905325571;0.9079493736779248;1.0
101021;103056;1;0.712797611951828;0.712797611951828;0.712797611951828;0.0
100083;105156;1;0.9100529083183834;0.9100529083183834;0.9100529083183834;0.0
104099;108876;1;0.635072723031044;0.635072723031044;0.635072723031044;0.0
103056;104310;1;0.7532702684402466;0.7532702684402466;0.7532702684402466;0.0
7731;9868;5;0.7559083104133606;0.9142857193946838;0.8088359951972961;1.0
101925;104169;1;0.8071428537368774;0.8071428537368774;0.8071428537368774;0.0
102542;103492;1;0.7663547247648239;0.7663547247648239;0.7663547247648239;0.0
102193;105236;1;0.7645833343267441;0.7645833343267441;0.7645833343267441;0.0
4843;8794;8;0.9666666686534882;1.0;0.9740740756193796;1.0
101821;105944;1;0.8554421748433794;0.8554421748433794;0.8554421748433794;0.0
100521;104842;1;0.8140639662742615;0.8140639662742615;0.8140639662742615;0.0
100717;109749;1;0.6345086097717285;0.6345086097717285;0.6345086097717285;0.0
101021;107620;1;0.7219448685646057;0.7219448685646057;0.7219448685646057;0.0
100083;107779;1;0.8882275181157249;0.8882275181157249;0.8882275181157249;0.0
101554;108329;1;0.9322562345436641;0.9322562345436641;0.9322562345436641;0.0
103002;109749;1;0.8270669430494308;0.8270669430494308;0.8270669430494308;0.0
103056;103424;1;0.7552083283662796;0.7552083283662796;0.7552083283662796;0.0
103691;108369;1;0.6927884668111801;0.6927884668111801;0.6927884668111801;0.0
3670;8151;7;0.8513986021280289;0.9423076957464218;0.880896881932304;1.0
108380;108482;1;0.752083346247673;0.752083346247673;0.752083346247673;0.0
7794;9063;8;0.8952381014823914;0.961904764175415;0.9146825437330538;1.0
100856;103424;1;0.779513880610466;0.779513880610466;0.779513880610466;0.0
103356;107477;1;0.7277777791023254;0.7277777791023254;0.7277777791023254;0.0
100558;104310;1;0.7055280804634094;0.7055280804634094;0.7055280804634094;0.0
100054;103002;1;0.6951995193958282;0.6951995193958282;0.6951995193958282;0.0
4613;6116;1;0.97826087474823;0.97826087474823;0.97826087474823;1.0
104389;107811;1;0.7237689346075058;0.7237689346075058;0.7237689346075058;0.0
101564;108252;2;0.9325396865606308;0.9821428507566452;0.957341268658638;0.0
100054;106511;1;0.7310637682676315;0.7310637682676315;0.7310637682676315;0.0
10314;2427;3;0.8941337764263153;0.9399671107530594;0.9217776202020191;1.0
101556;105525;1;0.6497946828603745;0.6497946828603745;0.6497946828603745;0.0
7288;7483;7;0.9768518550055367;1.0;0.996693122143648;1.0
6382;8494;8;0.9336734733411244;1.0;0.9753401487001351;1.0
101021;104117;1;0.7488982081413269;0.7488982081413269;0.7488982081413269;0.0
7201;8536;1;1.0;1.0;1.0;1.0
102116;104281;1;0.7192810475826263;0.7192810475826263;0.7192810475826263;0.0
103056;104533;1;0.7603688836097717;0.7603688836097717;0.7603688836097717;0.0
6562;8870;2;0.9277777671813965;1.0;0.9638888835906982;1.0
5830;8888;1;0.8166666626930237;0.8166666626930237;0.8166666626930237;1.0
2026;4601;1;1.0;1.0;1.0;1.0
9327;9412;7;0.9654377890484673;1.0;0.9950625412926382;1.0
104321;109639;1;0.7833333313465118;0.7833333313465118;0.7833333313465118;0.0
100054;103056;2;0.8214285671710968;0.8361111134290695;0.8287698403000832;0.0
104310;105076;1;0.9080782341105599;0.9080782341105599;0.9080782341105599;0.0
103888;108274;1;0.920634925365448;0.920634925365448;0.920634925365448;0.0
104862;108239;1;0.7035839259624481;0.7035839259624481;0.7035839259624481;0.0
103002;108876;1;0.7101027518510818;0.7101027518510818;0.7101027518510818;0.0
100187;101555;1;0.824366569519043;0.824366569519043;0.824366569519043;0.0
103170;103181;1;0.7958333343267441;0.7958333343267441;0.7958333343267441;0.0
107477;108369;1;0.6303864791989326;0.6303864791989326;0.6303864791989326;0.0
103056;109749;1;0.7567669153213501;0.7567669153213501;0.7567669153213501;0.0
7769;8151;1;0.8822649568319321;0.8822649568319321;0.8822649568319321;1.0
102514;105760;1;0.8245039582252502;0.8245039582252502;0.8245039582252502;0.0
1838;7934;2;0.920634925365448;1.0;0.960317462682724;1.0
102611;106749;1;0.7708333283662796;0.7708333283662796;0.7708333283662796;0.0
4975;5889;9;0.9583333283662796;1.0;0.9697053162561732;1.0
105760;107779;1;0.8956207398857389;0.8956207398857389;0.8956207398857389;0.0
10314;8640;3;0.9333333373069763;1.0;0.965271770244553;1.0
100856;103002;1;0.796072706580162;0.796072706580162;0.796072706580162;0.0
100521;100856;1;0.7070874124765396;0.7070874124765396;0.7070874124765396;0.0
3134;6210;1;1.0;1.0;1.0;1.0
100331;103170;1;0.7496212124824524;0.7496212124824524;0.7496212124824524;0.0
100856;106511;1;0.7049361765384674;0.7049361765384674;0.7049361765384674;0.0
1884;9542;3;0.9297839535607232;0.9473379651705424;0.9414866279672692;1.0
103278;107044;1;0.7322751432657242;0.7322751432657242;0.7322751432657242;0.0
108841;109058;1;0.8152173906564713;0.8152173906564713;0.8152173906564713;0.0
102120;103398;1;0.7769764959812164;0.7769764959812164;0.7769764959812164;0.0
7920;8494;8;0.8906746208667755;0.9888889044523239;0.934541537589024;1.0
100054;108876;1;0.713958814740181;0.713958814740181;0.713958814740181;0.0
105901;107999;1;0.8928571385996682;0.8928571385996682;0.8928571385996682;0.0
105617;107999;1;0.7529304027557373;0.7529304027557373;0.7529304027557373;0.0
104310;109426;1;0.7350135892629623;0.7350135892629623;0.7350135892629623;0.0
103002;103056;1;0.7721225917339325;0.7721225917339325;0.7721225917339325;0.0
104310;105066;1;0.626668855547905;0.626668855547905;0.626668855547905;0.0
3757;6377;5;0.8545531332492828;0.9519230744668415;0.8921308263426735;1.0
109749;3710;1;0.6136021912097931;0.6136021912097931;0.6136021912097931;0.0
6761;7869;2;0.8499999940395355;0.8916666656732559;0.8708333298563957;1.0
100893;101624;1;0.7368181794881821;0.7368181794881821;0.7368181794881821;0.0
100558;101555;1;0.6644349843263626;0.6644349843263626;0.6644349843263626;0.0
103170;106212;1;0.7477904111146927;0.7477904111146927;0.7477904111146927;0.0
100331;103181;1;0.7527777701616287;0.7527777701616287;0.7527777701616287;0.0
100331;106212;1;0.7710497826337814;0.7710497826337814;0.7710497826337814;0.0
4601;8410;1;0.8029040396213531;0.8029040396213531;0.8029040396213531;0.0
4586;7633;5;0.9464646312925551;0.9772727191448212;0.9571838044931018;1.0
3383;6969;9;0.9253968331548903;0.9918831139802933;0.9397546939643813;1.0
100717;101555;1;0.8008771687746048;0.8008771687746048;0.8008771687746048;0.0
6944;7731;5;0.9285714361402724;0.9436508019765218;0.9379365142848757;1.0
100856;3710;1;0.7528769820928574;0.7528769820928574;0.7528769820928574;0.0
103181;106212;1;0.7180555462837219;0.7180555462837219;0.7180555462837219;0.0
2139;3296;2;0.8925438523292542;0.9436090247971671;0.9180764385632106;1.0
10230;10383;9;0.9434065967798234;0.9916666746139526;0.9603389457420067;1.0
2317;4988;6;0.9108087718486788;0.9515151480833689;0.9377442206497545;1.0
4676;5746;2;0.875;0.9196428571428573;0.8973214285714286;1.0
101515;101521;1;0.9034749077899116;0.9034749077899116;0.9034749077899116;0.0
104099;109749;1;0.8784461319446564;0.8784461319446564;0.8784461319446564;0.0
100187;104842;1;0.8171717077493668;0.8171717077493668;0.8171717077493668;0.0
100732;103846;1;0.7205555438995361;0.7205555438995361;0.7205555438995361;0.0
10312;9807;1;1.0;1.0;1.0;1.0
102424;107480;1;0.8095833361148834;0.8095833361148834;0.8095833361148834;0.0
103114;104051;1;0.901785712156977;0.901785712156977;0.901785712156977;0.0
104512;109129;1;0.7064516246318817;0.7064516246318817;0.7064516246318817;0.0
9421;9489;8;0.9749999940395355;1.0;0.9805555509196386;1.0
102970;108596;1;0.9060150342328208;0.9060150342328208;0.9060150342328208;0.0
104872;109651;1;0.9042950464146478;0.9042950464146478;0.9042950464146478;0.0
10983;11174;1;0.9232323318719864;0.9232323318719864;0.9232323318719864;1.0
100856;104310;2;0.7880807518959045;0.9412840115172523;0.8646823817065784;0.0
103645;105876;1;0.7769230753183365;0.7769230753183365;0.7769230753183365;0.0
100521;100717;1;0.7435457408428192;0.7435457408428192;0.7435457408428192;0.0
5185;7072;1;1.0;1.0;1.0;1.0
102987;107521;1;0.8541666567325592;0.8541666567325592;0.8541666567325592;0.0
4358;6398;1;0.869047611951828;0.869047611951828;0.869047611951828;1.0
105538;105923;1;0.714880958199501;0.714880958199501;0.714880958199501;0.0
105148;105156;1;0.8309295177459717;0.8309295177459717;0.8309295177459717;0.0
100521;105066;1;0.7040249705314636;0.7040249705314636;0.7040249705314636;0.0
100521;104099;1;0.6851307302713394;0.6851307302713394;0.6851307302713394;0.0
105358;105700;1;0.7128787785768509;0.7128787785768509;0.7128787785768509;0.0
103719;107550;1;0.7678571492433548;0.7678571492433548;0.7678571492433548;0.0
100521;109426;1;0.6933006644248962;0.6933006644248962;0.6933006644248962;0.0
103804;104425;1;0.7410714328289032;0.7410714328289032;0.7410714328289032;0.0
104051;108932;1;0.9272486780370984;0.9272486780370984;0.9272486780370984;0.0
105098;107056;1;0.8852068036794662;0.8852068036794662;0.8852068036794662;0.0
101693;102395;1;0.7394047677516937;0.7394047677516937;0.7394047677516937;0.0
6547;6741;9;0.9321428537368774;1.0;0.9511022897046288;1.0
9348;9485;9;0.9672618997948511;1.0;0.9894179888660946;1.0
100001;100010;1;0.8355769217014313;0.8355769217014313;0.8355769217014313;0.0
3096;3123;3;0.9444444328546524;0.9761904776096344;0.959928409684272;1.0
102120;105349;1;0.7797348350286484;0.7797348350286484;0.7797348350286484;0.0
104117;107620;1;0.6545329689979553;0.6545329689979553;0.6545329689979553;0.0
105349;107056;1;0.7621753215789795;0.7621753215789795;0.7621753215789795;0.0
105525;106101;1;0.7928125113248825;0.7928125113248825;0.7928125113248825;0.0
7161;8131;8;0.9722222089767456;1.0;0.9777199011296034;1.0
103398;107056;3;0.8640872985124588;0.8849206268787384;0.8728632430235544;0.0
101021;105066;1;0.588731437921524;0.588731437921524;0.588731437921524;0.0
108059;108956;1;0.8081395328044891;0.8081395328044891;0.8081395328044891;0.0
103002;107620;1;0.7768985778093338;0.7768985778093338;0.7768985778093338;0.0
10293;7599;3;0.8037795573472977;0.948979594877788;0.8678389070999054;1.0
2252;4733;5;1.0;1.0;1.0;1.0
101021;109426;1;0.6548794060945511;0.6548794060945511;0.6548794060945511;0.0
103002;104117;1;0.7575868964195251;0.7575868964195251;0.7575868964195251;0.0
102960;105032;1;0.7483108043670654;0.7483108043670654;0.7483108043670654;0.0
109296;109299;4;0.8984327713648478;0.9250301122665405;0.9113673319419224;0.0
4395;8725;9;0.9555555582046509;0.9722222238779068;0.9620656790031118;1.0
10230;8029;9;0.9434065967798234;0.9916666746139526;0.9603389457420067;1.0
101465;103668;1;0.9107142857142857;0.9107142857142857;0.9107142857142857;0.0
101021;104099;1;0.6229497492313385;0.6229497492313385;0.6229497492313385;0.0
100856;105349;1;0.8176406770944595;0.8176406770944595;0.8176406770944595;0.0
7037;7237;9;0.9172692232661777;0.980158731341362;0.9404217135391116;1.0
9333;9450;5;0.984375;1.0;0.9946428571428572;1.0
102760;103339;1;0.8026315718889236;0.8026315718889236;0.8026315718889236;0.0
101830;103356;1;0.6859756112098694;0.6859756112098694;0.6859756112098694;0.0
105538;105701;1;0.7768398225307465;0.7768398225307465;0.7768398225307465;0.0
6314;8464;8;0.9193363785743713;0.9736842066049576;0.9354454117221018;1.0
100521;100558;1;0.6181372702121735;0.6181372702121735;0.6181372702121735;0.0
104533;104842;1;0.7648391872644424;0.7648391872644424;0.7648391872644424;0.0
100187;103424;1;0.7745655030012131;0.7745655030012131;0.7745655030012131;0.0
104389;106582;1;0.7656249850988388;0.7656249850988388;0.7656249850988388;0.0
109532;109725;1;0.9472222179174423;0.9472222179174423;0.9472222179174423;0.0
8344;9229;8;0.9583333283662796;1.0;0.9816919229924679;1.0
102562;104023;1;0.7739845961332321;0.7739845961332321;0.7739845961332321;0.0
103056;108876;1;0.7652854919433594;0.7652854919433594;0.7652854919433594;0.0
104533;3710;1;0.7072733938694;0.7072733938694;0.7072733938694;0.0
4291;4905;1;1.0;1.0;1.0;1.0
102987;107779;1;0.9278950265475682;0.9278950265475682;0.9278950265475682;0.0
11455;5289;5;0.8642534017562866;0.9411764740943909;0.888687789440155;1.0
104117;106511;1;0.6533292084932327;0.6533292084932327;0.6533292084932327;0.0
101556;106101;1;0.7084375023841858;0.7084375023841858;0.7084375023841858;0.0
6506;6952;3;0.904338624742296;0.9523809552192688;0.9283245161727622;1.0
100856;107620;1;0.8283890187740326;0.8283890187740326;0.8283890187740326;0.0
6811;7429;6;0.9227053225040436;0.97826087474823;0.9410513109631008;1.0
105156;105760;2;0.8015872985124588;0.9319728038140705;0.8667800511632646;0.0
6740;9193;1;0.9807692319154739;0.9807692319154739;0.9807692319154739;1.0
103002;106511;1;0.7477881163358688;0.7477881163358688;0.7477881163358688;0.0
4108;7977;6;0.9415983706712723;1.0;0.9690235132972399;1.0
103398;105098;1;0.8940972238779068;0.8940972238779068;0.8940972238779068;0.0
103056;104117;1;0.6739912629127502;0.6739912629127502;0.6739912629127502;0.0
104842;106511;1;0.7186474502086639;0.7186474502086639;0.7186474502086639;0.0
8301;9114;1;0.8375000059604645;0.8375000059604645;0.8375000059604645;1.0
104051;108843;1;0.902597399694579;0.902597399694579;0.902597399694579;0.0
10578;10628;1;0.8687499910593033;0.8687499910593033;0.8687499910593033;1.0
103878;109649;1;0.7043478339910507;0.7043478339910507;0.7043478339910507;0.0
100083;105760;1;0.7500000042574746;0.7500000042574746;0.7500000042574746;0.0
100701;108239;1;0.6960526406764984;0.6960526406764984;0.6960526406764984;0.0
5010;5205;7;0.9396929889917374;0.9636243390185493;0.9527887220488115;1.0
10320;7581;3;0.8903632462024689;0.9466666728258133;0.9214173853397369;1.0
109274;109278;1;0.7885168641805649;0.7885168641805649;0.7885168641805649;0.0
103350;104042;1;0.9396929889917374;0.9396929889917374;0.9396929889917374;0.0
100856;104117;1;0.6976361274719238;0.6976361274719238;0.6976361274719238;0.0
100054;109749;1;0.7240288108587265;0.7240288108587265;0.7240288108587265;0.0
101555;104099;1;0.6974206417798996;0.6974206417798996;0.6974206417798996;0.0
7515;8151;7;0.9029720276594162;0.9711538404226303;0.9234931724412101;1.0
101555;105066;1;0.6966027617454529;0.6966027617454529;0.6966027617454529;0.0
4348;7170;9;0.9030193156666226;0.982993198292596;0.9318601587882538;1.0
7094;9189;5;0.9023809432983398;1.0;0.9537085115909576;1.0
5360;8430;8;0.9001748263835907;0.9501748234033585;0.9123088369766871;1.0
101555;109426;1;0.7522660791873932;0.7522660791873932;0.7522660791873932;0.0
7361;7750;1;1.0;1.0;1.0;1.0
100187;104533;1;0.7945166081190109;0.7945166081190109;0.7945166081190109;0.0
101830;103691;1;0.7233231663703918;0.7233231663703918;0.7233231663703918;0.0
100187;101021;1;0.737638995051384;0.737638995051384;0.737638995051384;0.0
101107;101624;1;0.75108902156353;0.75108902156353;0.75108902156353;0.0
10240;7367;1;0.9833333343267441;0.9833333343267441;0.9833333343267441;1.0
106582;107811;1;0.7239583283662796;0.7239583283662796;0.7239583283662796;0.0
104734;105700;1;0.7338235229253769;0.7338235229253769;0.7338235229253769;0.0
6620;7622;1;0.8933333307504654;0.8933333307504654;0.8933333307504654;1.0
104099;109426;1;0.696825385093689;0.696825385093689;0.696825385093689;0.0
3086;3215;1;1.0;1.0;1.0;1.0
100856;107734;1;0.8820346295833588;0.8820346295833588;0.8820346295833588;0.0
100558;104842;1;0.6886695921421051;0.6886695921421051;0.6886695921421051;0.0
104099;105066;1;0.8223614543676376;0.8223614543676376;0.8223614543676376;0.0
104117;104310;1;0.7635406106710434;0.7635406106710434;0.7635406106710434;0.0
2890;2891;1;1.0;1.0;1.0;1.0
